5.000000000000000000e-01 -3.309285032276083616e-01
5.024999999999999467e-01 2.800117546209482389e-01
5.050000000000000044e-01 2.791580010602304207e-01
5.074999999999999512e-01 2.824745799333791552e-01
5.100000000000000089e-01 2.851858613912265361e-01
5.124999999999999556e-01 2.855231136659526769e-01
5.150000000000000133e-01 2.872139751338128044e-01
5.174999999999999600e-01 2.892753412576723471e-01
5.200000000000000178e-01 2.911673483994879907e-01
5.224999999999999645e-01 2.927633946211499194e-01
5.250000000000000222e-01 2.941453647347583855e-01
5.274999999999999689e-01 2.955109298048747002e-01
5.300000000000000266e-01 2.969894572605558114e-01
5.324999999999999734e-01 2.983639806665929761e-01
5.350000000000000311e-01 2.994841658178650223e-01
5.374999999999999778e-01 3.003137682299890088e-01
5.400000000000000355e-01 3.008958835081858019e-01
5.424999999999999822e-01 3.013306053073444013e-01
5.450000000000000400e-01 3.017602269168646045e-01
5.474999999999999867e-01 3.023591053883597501e-01
5.500000000000000444e-01 3.033264206754502368e-01
5.524999999999999911e-01 3.048198349496001325e-01
5.550000000000000488e-01 3.063911217367168427e-01
5.574999999999999956e-01 3.079324183236959445e-01
5.600000000000000533e-01 3.094743873523319033e-01
5.625000000000000000e-01 3.110375925489612392e-01
5.649999999999999467e-01 3.126343766602007190e-01
5.675000000000000044e-01 3.142703224779034299e-01
5.700000000000000622e-01 3.159454028718356455e-01
5.725000000000000089e-01 3.176548956824223335e-01
5.749999999999999556e-01 3.193901184858303210e-01
5.775000000000000133e-01 3.211390235873149424e-01
5.799999999999999600e-01 3.228866831516035152e-01
5.825000000000000178e-01 3.246184363331576783e-01
5.849999999999999645e-01 3.263617214487312124e-01
5.875000000000000222e-01 3.281415823747519389e-01
5.899999999999999689e-01 3.299721545320010163e-01
5.925000000000000266e-01 3.318648941473991143e-01
5.949999999999999734e-01 3.338289110184869402e-01
5.975000000000000311e-01 3.358712502345483908e-01
5.999999999999999778e-01 3.379971321493346892e-01
6.025000000000000355e-01 3.402101580146762450e-01
6.049999999999999822e-01 3.425124872163742840e-01
6.075000000000000400e-01 3.449049909032544936e-01
6.099999999999999867e-01 3.473873858925153324e-01
6.125000000000000444e-01 3.499583520136914649e-01
6.149999999999999911e-01 3.526156354776340263e-01
6.175000000000000488e-01 3.553561403939956564e-01
6.199999999999999956e-01 3.581760101864460699e-01
6.225000000000000533e-01 3.610707003505949086e-01
6.250000000000000000e-01 3.640350437509052295e-01
6.274999999999999467e-01 3.670633094486067671e-01
6.300000000000000044e-01 3.701492558840021596e-01
6.325000000000000622e-01 3.732861790968027282e-01
6.350000000000000089e-01 3.765063615263442576e-01
6.374999999999999556e-01 3.798686660907021340e-01
6.400000000000000133e-01 3.833722032936208723e-01
6.425000000000000711e-01 3.870164319305954836e-01
6.450000000000000178e-01 3.908018862965260132e-01
6.474999999999999645e-01 3.947300706977381890e-01
6.500000000000000222e-01 3.988033612548672613e-01
6.524999999999999689e-01 4.030249139899279576e-01
6.550000000000000266e-01 4.073985782922875942e-01
6.574999999999999734e-01 4.119288149493456896e-01
6.600000000000000311e-01 4.166206180101192369e-01
6.624999999999999778e-01 4.214794398250699681e-01
6.650000000000000355e-01 4.265111186747410077e-01
6.674999999999999822e-01 4.317218084643009157e-01
6.700000000000000400e-01 4.371179100220735081e-01
6.724999999999999867e-01 4.427060035985259656e-01
6.750000000000000444e-01 4.484927822190455937e-01
6.774999999999999911e-01 4.544849855998926436e-01
6.799999999999999378e-01 4.606893343928620821e-01
6.824999999999999956e-01 4.671124645810134646e-01
6.850000000000000533e-01 4.737608619059695547e-01
6.875000000000000000e-01 4.806407962671950251e-01
6.899999999999999467e-01 4.877582560956292834e-01
6.925000000000000044e-01 4.951188827683065674e-01
6.950000000000000622e-01 5.027279051970685586e-01
6.975000000000000089e-01 5.105900747929882355e-01
6.999999999999999556e-01 5.187096010781981903e-01
7.025000000000000133e-01 5.270900882877525007e-01
7.050000000000000711e-01 5.357344733749729304e-01
7.075000000000000178e-01 5.446449659031331603e-01
7.099999999999999645e-01 5.538229903727888148e-01
7.125000000000000222e-01 5.632691315956668276e-01
7.149999999999999689e-01 5.729830837807315946e-01
7.175000000000000266e-01 5.829636040434893474e-01
7.199999999999999734e-01 5.931107500812247135e-01
7.225000000000000311e-01 6.032722772959631108e-01
7.249999999999999778e-01 6.135102852369317405e-01
7.275000000000000355e-01 6.238839963089709562e-01
7.299999999999999822e-01 6.344445722940699195e-01
7.325000000000000400e-01 6.452353665168197860e-01
7.349999999999999867e-01 6.562921598633246756e-01
7.375000000000000444e-01 6.676433910377599368e-01
7.399999999999999911e-01 6.793103908466864294e-01
7.424999999999999378e-01 6.913076295087841050e-01
7.449999999999999956e-01 7.036429849931837843e-01
7.475000000000000533e-01 7.163180391863954721e-01
7.500000000000000000e-01 7.293284072741436086e-01
7.524999999999999467e-01 7.426641041103259067e-01
7.550000000000000044e-01 7.563099495575584807e-01
7.575000000000000622e-01 7.702460128683140672e-01
7.600000000000000089e-01 7.844480941978361210e-01
7.624999999999999556e-01 7.988882393818839134e-01
7.650000000000000133e-01 8.135352822675618878e-01
7.675000000000000711e-01 8.283554072518670708e-01
7.700000000000000178e-01 8.433127233534911671e-01
7.724999999999999645e-01 8.583698401986696869e-01
7.750000000000000222e-01 8.734884357994758819e-01
7.775000000000000799e-01 8.886298059727528731e-01
7.800000000000000266e-01 9.037553856879655401e-01
7.824999999999999734e-01 9.188272335087825926e-01
7.850000000000000311e-01 9.338084715434222804e-01
7.875000000000000888e-01 9.486636748571093403e-01
7.900000000000000355e-01 9.633592060259253964e-01
7.924999999999999822e-01 9.778634923187690120e-01
7.949999999999999289e-01 9.921472447801664707e-01
7.974999999999999867e-01 1.006183620159484482e+00
8.000000000000000444e-01 1.019948328116933478e+00
8.024999999999999911e-01 1.033419687379545815e+00
8.049999999999999378e-01 1.046578635488979447e+00
8.074999999999999956e-01 1.059408697466517557e+00
8.100000000000000533e-01 1.071895919126624630e+00
8.125000000000000000e-01 1.084028770921262597e+00
8.149999999999999467e-01 1.095798028125974266e+00
8.175000000000000044e-01 1.107196632925022461e+00
8.200000000000000622e-01 1.118219543558652385e+00
8.225000000000000089e-01 1.128863575202127656e+00
8.249999999999999556e-01 1.139127236691853451e+00
8.275000000000000133e-01 1.149010566631955887e+00
8.300000000000000711e-01 1.158514971832958373e+00
8.325000000000000178e-01 1.167643070474353895e+00
8.349999999999999645e-01 1.176398541860871116e+00
8.375000000000000222e-01 1.184785984168776007e+00
8.400000000000000799e-01 1.192810781159763689e+00
8.425000000000000266e-01 1.200478978478232817e+00
8.449999999999999734e-01 1.207797169842571572e+00
8.475000000000000311e-01 1.214772393189785138e+00
8.500000000000000888e-01 1.221412036631314812e+00
8.525000000000000355e-01 1.227723753921205141e+00
8.549999999999999822e-01 1.233715389020425990e+00
8.574999999999999289e-01 1.239394909257665711e+00
8.599999999999999867e-01 1.244770346531921978e+00
8.625000000000000444e-01 1.249849745970740056e+00
8.649999999999999911e-01 1.254641121445474461e+00
8.674999999999999378e-01 1.259149441054847829e+00
8.699999999999999956e-01 1.263338868579916507e+00
8.725000000000000533e-01 1.267192146628141058e+00
8.750000000000000000e-01 1.270703232745315159e+00
8.774999999999999467e-01 1.273865829470004707e+00
8.800000000000000044e-01 1.276673286359273352e+00
8.825000000000000622e-01 1.279118499791996433e+00
8.850000000000000089e-01 1.281193810420036217e+00
8.874999999999999556e-01 1.282890897845333722e+00
8.900000000000000133e-01 1.284200671849079045e+00
8.925000000000000711e-01 1.285113159278657990e+00
8.950000000000000178e-01 1.285617385500256393e+00
8.974999999999999645e-01 1.285701249141608216e+00
9.000000000000000222e-01 1.285351388672945516e+00
9.025000000000000799e-01 1.284553039198191415e+00
9.050000000000000266e-01 1.283289877647161958e+00
9.074999999999999734e-01 1.281543854368537794e+00
9.100000000000000311e-01 1.279295008919209664e+00
9.125000000000000888e-01 1.276521267626397727e+00
9.150000000000000355e-01 1.273198220264617708e+00
9.174999999999999822e-01 1.269298872942437484e+00
9.199999999999999289e-01 1.264793374039820284e+00
9.224999999999999867e-01 1.259648709786154175e+00
9.250000000000000444e-01 1.253828365839090075e+00
9.274999999999999911e-01 1.247291951041858304e+00
9.299999999999999378e-01 1.239994779442182837e+00
9.324999999999999956e-01 1.231887406708676691e+00
9.350000000000000533e-01 1.222915117366952575e+00
9.375000000000000000e-01 1.213017359920963045e+00
9.399999999999999467e-01 1.202127128100245912e+00
9.425000000000000044e-01 1.190170288425808742e+00
9.450000000000000622e-01 1.177064857356336258e+00
9.475000000000000089e-01 1.162720235928155876e+00
9.499999999999999556e-01 1.147036416666463499e+00
9.525000000000000133e-01 1.129903187457366620e+00
9.550000000000000711e-01 1.111199371113557488e+00
9.575000000000000178e-01 1.090792158900088404e+00
9.599999999999999645e-01 1.068536622934928015e+00
9.625000000000000222e-01 1.044275527935581760e+00
9.650000000000000799e-01 1.017839608952190389e+00
9.675000000000000266e-01 9.890485395767503185e-01
9.699999999999999734e-01 9.577128840629043349e-01
9.725000000000000311e-01 9.236374028848090001e-01
9.750000000000000888e-01 8.866261545810968370e-01
9.775000000000000355e-01 8.464898878089064382e-01
9.799999999999999822e-01 8.030562133840326577e-01
9.824999999999999289e-01 7.561610227938704298e-01
9.849999999999999867e-01 7.056459043391001273e-01
9.875000000000000444e-01 6.516412219913577664e-01
9.899999999999999911e-01 5.944235764284484524e-01
9.924999999999999378e-01 5.344010588024569186e-01
9.949999999999999956e-01 4.721138632211924202e-01
9.975000000000000533e-01 4.082206160203791789e-01
1.000000000000000000e+00 3.434694857605113394e-01
1.002499999999999947e+00 2.786563545444241674e-01
1.004999999999999893e+00 2.145755508343063500e-01
1.007500000000000062e+00 1.519706593639722492e-01
1.010000000000000009e+00 9.149289442688712803e-02
1.012499999999999956e+00 3.367246080589564317e-02
1.015000000000000124e+00 -2.109491074209979278e-02
1.017500000000000071e+00 -7.254727150016204718e-02
1.020000000000000018e+00 -1.205448507530698099e-01
1.022499999999999964e+00 -1.650516835358183665e-01
1.024999999999999911e+00 -2.061143842529875037e-01
1.027499999999999858e+00 -2.438410892865158219e-01
1.030000000000000027e+00 -2.783825036259529595e-01
1.032499999999999973e+00 -3.099160139093802280e-01
1.035000000000000142e+00 -3.386331129362466497e-01
1.037500000000000089e+00 -3.647299333001492450e-01
1.040000000000000036e+00 -3.884004605286904832e-01
1.042499999999999982e+00 -4.098319208860193852e-01
1.044999999999999929e+00 -4.292018544352717013e-01
1.047499999999999876e+00 -4.466764446292098567e-01
1.050000000000000044e+00 -4.624097522554715400e-01
1.052499999999999991e+00 -4.765435773288955179e-01
1.055000000000000160e+00 -4.892077394339662266e-01
1.057500000000000107e+00 -5.005206222502276425e-01
1.060000000000000053e+00 -5.105898715638144125e-01
1.062500000000000000e+00 -5.195131693274472884e-01
1.064999999999999947e+00 -5.273790310782878743e-01
1.067499999999999893e+00 -5.342675920488988428e-01
1.070000000000000062e+00 -5.402513601889481487e-01
1.072500000000000009e+00 -5.453959233526683992e-01
1.075000000000000178e+00 -5.497606041228770835e-01
1.077500000000000124e+00 -5.533990599196252358e-01
1.080000000000000071e+00 -5.563598287666268183e-01
1.082500000000000018e+00 -5.586868227932285658e-01
1.084999999999999964e+00 -5.604197725475150715e-01
1.087499999999999911e+00 -5.615946257125138397e-01
1.089999999999999858e+00 -5.622439040125126741e-01
1.092500000000000027e+00 -5.623970220829025424e-01
1.094999999999999973e+00 -5.620884717608672920e-01
1.097500000000000142e+00 -5.613691417678370321e-01
1.100000000000000089e+00 -5.602803895758182717e-01
1.102500000000000036e+00 -5.588590702879864258e-01
1.104999999999999982e+00 -5.571383142068838668e-01
1.107499999999999929e+00 -5.551479668178875837e-01
1.109999999999999876e+00 -5.529149692571985186e-01
1.112500000000000044e+00 -5.504636881918939517e-01
1.114999999999999991e+00 -5.478162025976721639e-01
1.117500000000000160e+00 -5.449925537220351446e-01
1.120000000000000107e+00 -5.420109635249203972e-01
1.122500000000000053e+00 -5.388880260601836003e-01
1.125000000000000000e+00 -5.356388755708619831e-01
1.127499999999999947e+00 -5.322773344947986374e-01
1.129999999999999893e+00 -5.288160440952538455e-01
1.132500000000000062e+00 -5.252665800272882102e-01
1.135000000000000009e+00 -5.216395548116129488e-01
1.137500000000000178e+00 -5.179447089022592987e-01
1.140000000000000124e+00 -5.141909917937854679e-01
1.142500000000000071e+00 -5.103866344103232811e-01
1.145000000000000018e+00 -5.065392138464689387e-01
1.147499999999999964e+00 -5.026557113837082369e-01
1.149999999999999911e+00 -4.987425645815616870e-01
1.152499999999999858e+00 -4.948057141364540223e-01
1.155000000000000027e+00 -4.908506461105384133e-01
1.157499999999999973e+00 -4.868824300549612349e-01
1.160000000000000142e+00 -4.829057534852784772e-01
1.162500000000000089e+00 -4.789249531093335843e-01
1.165000000000000036e+00 -4.749440431583591971e-01
1.167499999999999982e+00 -4.709667411293182449e-01
1.169999999999999929e+00 -4.669964912094429765e-01
1.172499999999999876e+00 -4.630364856218252001e-01
1.175000000000000044e+00 -4.590896841029806219e-01
1.177499999999999991e+00 -4.551588316990080041e-01
1.180000000000000160e+00 -4.512464750457380047e-01
1.182500000000000107e+00 -4.473549772797443258e-01
1.185000000000000053e+00 -4.434865317108303007e-01
1.187500000000000000e+00 -4.396431743723842600e-01
1.189999999999999947e+00 -4.358267955534572691e-01
1.192499999999999893e+00 -4.320391504054096887e-01
1.195000000000000062e+00 -4.282818687062515672e-01
1.197500000000000009e+00 -4.245564638572140170e-01
1.200000000000000178e+00 -4.208643411784928623e-01
1.202500000000000124e+00 -4.172068055643854967e-01
1.205000000000000071e+00 -4.135850685520446324e-01
1.207500000000000018e+00 -4.100002548527868496e-01
1.209999999999999964e+00 -4.064534083901438777e-01
1.212499999999999911e+00 -4.029454978846389035e-01
1.214999999999999858e+00 -3.994774220214992733e-01
1.217500000000000027e+00 -3.960500142341517593e-01
1.219999999999999973e+00 -3.926640471333324722e-01
1.222500000000000142e+00 -3.893202366089315580e-01
1.225000000000000089e+00 -3.860192456292764196e-01
1.227500000000000036e+00 -3.827616877603636780e-01
1.229999999999999982e+00 -3.795481304255941546e-01
1.232499999999999929e+00 -3.763790979247834678e-01
1.234999999999999876e+00 -3.732550747518822432e-01
1.237500000000000044e+00 -3.701778401856078982e-01
1.239999999999999991e+00 -3.671480207866898438e-01
1.242500000000000160e+00 -3.641645435780252460e-01
1.245000000000000107e+00 -3.612263776959089845e-01
1.247500000000000053e+00 -3.583325321758764614e-01
1.250000000000000000e+00 -3.554820538742020086e-01
1.252499999999999947e+00 -3.526740255155308423e-01
1.254999999999999893e+00 -3.499075638578775238e-01
1.257500000000000062e+00 -3.471818179669056148e-01
1.260000000000000009e+00 -3.444959675920347131e-01
1.262500000000000178e+00 -3.418492216374785508e-01
1.265000000000000124e+00 -3.392408167218637915e-01
1.267500000000000071e+00 -3.366700158205340188e-01
1.270000000000000018e+00 -3.341361069851016552e-01
1.272499999999999964e+00 -3.316384021352021816e-01
1.274999999999999911e+00 -3.291762359177796138e-01
1.277499999999999858e+00 -3.267489646295721473e-01
1.280000000000000027e+00 -3.243559651987761860e-01
1.282499999999999973e+00 -3.219966342221585731e-01
1.285000000000000142e+00 -3.196703870541461878e-01
1.287500000000000089e+00 -3.173766569446735408e-01
1.290000000000000036e+00 -3.151148942227836036e-01
1.292499999999999982e+00 -3.128845655231954903e-01
1.294999999999999929e+00 -3.106851530532351857e-01
1.297499999999999876e+00 -3.085161538977070350e-01
1.300000000000000044e+00 -3.063770793594470243e-01
1.302499999999999991e+00 -3.042674543334483728e-01
1.305000000000000160e+00 -3.021868167125909554e-01
1.307500000000000107e+00 -3.001347168231378038e-01
1.310000000000000053e+00 -2.981107168882773939e-01
1.312500000000000000e+00 -2.961143905181075620e-01
1.314999999999999947e+00 -2.941453222245561383e-01
1.317499999999999893e+00 -2.922031069598314268e-01
1.320000000000000062e+00 -2.902873496770850270e-01
1.322500000000000009e+00 -2.883976649120515434e-01
1.325000000000000178e+00 -2.865336763845063306e-01
1.327500000000000124e+00 -2.846950166184588626e-01
1.330000000000000071e+00 -2.828813265800576016e-01
1.332500000000000018e+00 -2.810922553322537376e-01
1.334999999999999964e+00 -2.793274597053236885e-01
1.337499999999999911e+00 -2.775866039824050890e-01
1.339999999999999858e+00 -2.758693595992538494e-01
1.342500000000000027e+00 -2.741754048574743807e-01
1.344999999999999973e+00 -2.725044246505210488e-01
1.347500000000000142e+00 -2.708561102018082201e-01
1.350000000000000089e+00 -2.692301588143086732e-01
1.352500000000000036e+00 -2.676262736310494605e-01
1.354999999999999982e+00 -2.660441634059559912e-01
1.357499999999999929e+00 -2.644835422845197570e-01
1.359999999999999876e+00 -2.629441295937997580e-01
1.362500000000000044e+00 -2.614256496412918351e-01
1.364999999999999991e+00 -2.599278315222289804e-01
1.367500000000000160e+00 -2.584504089348956257e-01
1.370000000000000107e+00 -2.569931200035709962e-01
1.372500000000000053e+00 -2.555557071087234955e-01
1.375000000000000000e+00 -2.541379167241148429e-01
1.377499999999999947e+00 -2.527394992604773405e-01
1.379999999999999893e+00 -2.513602089154562402e-01
1.382500000000000062e+00 -2.499998035295163956e-01
1.385000000000000009e+00 -2.486580444475391671e-01
1.387500000000000178e+00 -2.473346963858375491e-01
1.390000000000000124e+00 -2.460295273043443531e-01
1.392500000000000071e+00 -2.447423082837296704e-01
1.395000000000000018e+00 -2.434728134072269568e-01
1.397499999999999964e+00 -2.422208196469493313e-01
1.399999999999999911e+00 -2.409861067544966651e-01
1.402499999999999858e+00 -2.397684571556559785e-01
1.405000000000000027e+00 -2.385676558490182897e-01
1.407499999999999973e+00 -2.373834903083330561e-01
1.410000000000000142e+00 -2.362157503884373955e-01
1.412500000000000089e+00 -2.350642282346040446e-01
1.415000000000000036e+00 -2.339287181951578143e-01
1.417499999999999982e+00 -2.328090167372191821e-01
1.419999999999999929e+00 -2.317049223654419343e-01
1.422499999999999876e+00 -2.306162355436153777e-01
1.425000000000000044e+00 -2.295427586190084135e-01
1.427499999999999991e+00 -2.284842957493442295e-01
1.430000000000000160e+00 -2.274406528322884813e-01
1.432500000000000107e+00 -2.264116374373534857e-01
1.435000000000000053e+00 -2.253970587401115666e-01
1.437500000000000000e+00 -2.243967274586274319e-01
1.439999999999999947e+00 -2.234104557920173484e-01
1.442499999999999893e+00 -2.224380573610468259e-01
1.445000000000000062e+00 -2.214793471506877609e-01
1.447500000000000009e+00 -2.205341414545541612e-01
1.450000000000000178e+00 -2.196022578211418719e-01
1.452500000000000124e+00 -2.186835150018023866e-01
1.455000000000000071e+00 -2.177777329003805495e-01
1.457500000000000018e+00 -2.168847325244527557e-01
1.459999999999999964e+00 -2.160043359381030870e-01
1.462499999999999911e+00 -2.151363662161776547e-01
1.464999999999999858e+00 -2.142806473999618322e-01
1.467500000000000027e+00 -2.134370044542247824e-01
1.469999999999999973e+00 -2.126052632255816532e-01
1.472500000000000142e+00 -2.117852504021217608e-01
1.475000000000000089e+00 -2.109767934742585727e-01
1.477500000000000036e+00 -2.101797206967540022e-01
1.479999999999999982e+00 -2.093938610518750465e-01
1.482499999999999929e+00 -2.086190442136422740e-01
1.484999999999999876e+00 -2.078551005131292484e-01
1.487500000000000044e+00 -2.071018609047773629e-01
1.489999999999999991e+00 -2.063591569336883091e-01
1.492500000000000160e+00 -2.056268207038600970e-01
1.495000000000000107e+00 -2.049046848473354832e-01
1.497500000000000053e+00 -2.041925824942283640e-01
1.500000000000000000e+00 -2.034903472436007388e-01
1.502499999999999947e+00 -2.027978131351596547e-01
1.505000000000000115e+00 -2.021148146217467689e-01
1.507500000000000062e+00 -2.014411865425953241e-01
1.510000000000000009e+00 -2.007767640973266987e-01
1.512499999999999956e+00 -2.001213828206657719e-01
1.515000000000000124e+00 -1.994740276421651526e-01
1.517500000000000071e+00 -1.988195152513265729e-01
1.520000000000000018e+00 -1.981532477981819695e-01
1.522499999999999964e+00 -1.974764494262824521e-01
1.524999999999999911e+00 -1.967903135685904470e-01
1.527500000000000080e+00 -1.960960036384740979e-01
1.530000000000000027e+00 -1.953946536982492654e-01
1.532499999999999973e+00 -1.946873691062454559e-01
1.534999999999999920e+00 -1.939752271433313469e-01
1.537500000000000089e+00 -1.932592776197905038e-01
1.540000000000000036e+00 -1.925405434634011592e-01
1.542499999999999982e+00 -1.918200212895310175e-01
1.544999999999999929e+00 -1.910986819540193282e-01
1.547500000000000098e+00 -1.903774710895868860e-01
1.550000000000000044e+00 -1.896573096264693448e-01
1.552499999999999991e+00 -1.889390942979448929e-01
1.554999999999999938e+00 -1.882236981313866464e-01
1.557500000000000107e+00 -1.875119709254411959e-01
1.560000000000000053e+00 -1.868047397139064592e-01
1.562500000000000000e+00 -1.861028092168449943e-01
1.564999999999999947e+00 -1.854069622794510541e-01
1.567500000000000115e+00 -1.847179602991547154e-01
1.570000000000000062e+00 -1.840365436414227729e-01
1.572500000000000009e+00 -1.833634320446942412e-01
1.574999999999999956e+00 -1.826993250148617742e-01
1.577500000000000124e+00 -1.820449022096884695e-01
1.580000000000000071e+00 -1.814008238135299822e-01
1.582500000000000018e+00 -1.807677309027086177e-01
1.584999999999999964e+00 -1.801462458018715240e-01
1.587500000000000133e+00 -1.795369724316419058e-01
1.590000000000000080e+00 -1.789404966478573278e-01
1.592500000000000027e+00 -1.783573865726747476e-01
1.594999999999999973e+00 -1.777881929178013465e-01
1.597499999999999920e+00 -1.772334493001019584e-01
1.600000000000000089e+00 -1.766936725498143845e-01
1.602500000000000036e+00 -1.761693630115958586e-01
1.604999999999999982e+00 -1.756610048386065270e-01
1.607499999999999929e+00 -1.751690662798308096e-01
1.610000000000000098e+00 -1.746939999608203287e-01
1.612500000000000044e+00 -1.742362431580357640e-01
1.614999999999999991e+00 -1.737962180669558321e-01
1.617499999999999938e+00 -1.733743320641092933e-01
1.620000000000000107e+00 -1.729709779631832811e-01
1.622500000000000053e+00 -1.725865342653460921e-01
1.625000000000000000e+00 -1.722213654039243258e-01
1.627499999999999947e+00 -1.718758219835586076e-01
1.630000000000000115e+00 -1.715502410139633782e-01
1.632500000000000062e+00 -1.712449461384062399e-01
1.635000000000000009e+00 -1.709602478570181605e-01
1.637499999999999956e+00 -1.706964437450417260e-01
1.640000000000000124e+00 -1.704538186661189447e-01
1.642500000000000071e+00 -1.702326449807173014e-01
1.645000000000000018e+00 -1.700331827497874870e-01
1.647499999999999964e+00 -1.698556799337454792e-01
1.650000000000000133e+00 -1.697003725868630464e-01
1.652500000000000080e+00 -1.695674850471559914e-01
1.655000000000000027e+00 -1.694572301218493504e-01
1.657499999999999973e+00 -1.693698092685000101e-01
1.659999999999999920e+00 -1.693054127718558732e-01
1.662500000000000089e+00 -1.692642199165264594e-01
1.665000000000000036e+00 -1.692463991555389624e-01
1.667499999999999982e+00 -1.692521082748537908e-01
1.669999999999999929e+00 -1.692814945539107274e-01
1.672500000000000098e+00 -1.693346949222745979e-01
1.675000000000000044e+00 -1.694118361124530292e-01
1.677499999999999991e+00 -1.695130348089517736e-01
1.679999999999999938e+00 -1.696383977936365695e-01
1.682500000000000107e+00 -1.697880220874694590e-01
1.685000000000000053e+00 -1.699619950886854247e-01
1.687500000000000000e+00 -1.701603947074749323e-01
1.689999999999999947e+00 -1.703832894972402423e-01
1.692500000000000115e+00 -1.706307387824894106e-01
1.695000000000000062e+00 -1.709027927834340099e-01
1.697500000000000009e+00 -1.711994927373557684e-01
1.699999999999999956e+00 -1.715208710168081574e-01
1.702500000000000124e+00 -1.718669512447163206e-01
1.705000000000000071e+00 -1.722377484064425424e-01
1.707500000000000018e+00 -1.726332689588810088e-01
1.709999999999999964e+00 -1.730535109366463098e-01
1.712500000000000133e+00 -1.734984640554251833e-01
1.715000000000000080e+00 -1.739681098125494541e-01
1.717500000000000027e+00 -1.744624215848633864e-01
1.719999999999999973e+00 -1.749813647239448766e-01
1.722499999999999920e+00 -1.755248966487500117e-01
1.725000000000000089e+00 -1.760929669357434169e-01
1.727500000000000036e+00 -1.766855174065816159e-01
1.729999999999999982e+00 -1.773024822134160461e-01
1.732499999999999929e+00 -1.779437879218777607e-01
1.735000000000000098e+00 -1.786093535918139852e-01
1.737500000000000044e+00 -1.792990908558373953e-01
1.739999999999999991e+00 -1.800129039957567567e-01
1.742499999999999938e+00 -1.807506900169534303e-01
1.745000000000000107e+00 -1.815123387207679684e-01
1.747500000000000053e+00 -1.822977327749613630e-01
1.750000000000000000e+00 -1.831067477823182243e-01
1.752499999999999947e+00 -1.839392523474525087e-01
1.755000000000000115e+00 -1.847951081418829355e-01
1.757500000000000062e+00 -1.856741699674385737e-01
1.760000000000000009e+00 -1.865762858180615158e-01
1.762499999999999956e+00 -1.875012969400648988e-01
1.765000000000000124e+00 -1.884490378909119968e-01
1.767500000000000071e+00 -1.894193365965741449e-01
1.770000000000000018e+00 -1.904120144075334142e-01
1.772499999999999964e+00 -1.914268861534826338e-01
1.775000000000000133e+00 -1.924637601967895129e-01
1.777500000000000080e+00 -1.935224384847763768e-01
1.780000000000000027e+00 -1.946027166008785780e-01
1.782499999999999973e+00 -1.957043838147333181e-01
1.784999999999999920e+00 -1.968272231312565568e-01
1.787500000000000089e+00 -1.979710113387615766e-01
1.790000000000000036e+00 -1.991355190561704958e-01
1.792499999999999982e+00 -2.003205107793737672e-01
1.794999999999999929e+00 -2.015257449267837675e-01
1.797500000000000098e+00 -2.027509738841337117e-01
1.800000000000000044e+00 -2.039959440485685505e-01
1.802499999999999991e+00 -2.052603958720739530e-01
1.804999999999999938e+00 -2.065440639042859516e-01
1.807500000000000107e+00 -2.078466768347263238e-01
1.810000000000000053e+00 -2.091679575345003761e-01
1.812500000000000000e+00 -2.105076230975007623e-01
1.814999999999999947e+00 -2.118653848811496154e-01
1.817500000000000115e+00 -2.132409485467172683e-01
1.820000000000000062e+00 -2.146340140992473722e-01
1.822500000000000009e+00 -2.160442759271228030e-01
1.824999999999999956e+00 -2.174714228412974459e-01
1.827500000000000124e+00 -2.189151381142222241e-01
1.830000000000000071e+00 -2.203750995184880490e-01
1.832500000000000018e+00 -2.218509793652099216e-01
1.834999999999999964e+00 -2.233424445421678117e-01
1.837500000000000133e+00 -2.248491565517241608e-01
1.840000000000000080e+00 -2.263707715485309691e-01
1.842500000000000027e+00 -2.279069403770375146e-01
1.844999999999999973e+00 -2.294573086088108615e-01
1.847499999999999920e+00 -2.310215165796701831e-01
1.850000000000000089e+00 -2.325991994266443097e-01
1.852500000000000036e+00 -2.341899871247494769e-01
1.854999999999999982e+00 -2.357935045235872995e-01
1.857499999999999929e+00 -2.374093713837577002e-01
1.860000000000000098e+00 -2.390372024130781314e-01
1.862500000000000044e+00 -2.406766073025997654e-01
1.864999999999999991e+00 -2.423271907624084398e-01
1.867499999999999938e+00 -2.439885525571892366e-01
1.870000000000000107e+00 -2.456602875415411225e-01
1.872500000000000053e+00 -2.473419856950130891e-01
1.875000000000000000e+00 -2.490332321568416440e-01
1.877499999999999947e+00 -2.507336072603577048e-01
1.880000000000000115e+00 -2.524426865670305054e-01
1.882500000000000062e+00 -2.541600409001170124e-01
1.885000000000000009e+00 -2.558852363778751915e-01
1.887499999999999956e+00 -2.576178344463027070e-01
1.890000000000000124e+00 -2.593573919113550952e-01
1.892500000000000071e+00 -2.611034609705964460e-01
1.895000000000000018e+00 -2.628555892442330233e-01
1.897499999999999964e+00 -2.646133198054752556e-01
1.900000000000000133e+00 -2.663761912101714757e-01
1.902500000000000080e+00 -2.681437375256535693e-01
1.905000000000000027e+00 -2.699154883587328024e-01
1.907499999999999973e+00 -2.716909688827785496e-01
1.909999999999999920e+00 -2.734696998638107002e-01
1.912500000000000089e+00 -2.752511976855365194e-01
1.915000000000000036e+00 -2.770349743732515857e-01
1.917499999999999982e+00 -2.788205376165343030e-01
1.919999999999999929e+00 -2.806073907906452281e-01
1.922500000000000098e+00 -2.823950329765542722e-01
1.925000000000000044e+00 -2.841829589795022981e-01
1.927499999999999991e+00 -2.859706593460156765e-01
1.929999999999999938e+00 -2.877576203792729936e-01
1.932500000000000107e+00 -2.895433241527352042e-01
1.935000000000000053e+00 -2.913272485219376429e-01
1.937500000000000000e+00 -2.931088671343451413e-01
1.939999999999999947e+00 -2.948876494371658330e-01
1.942500000000000115e+00 -2.966630606830195638e-01
1.945000000000000062e+00 -2.984345619333491628e-01
1.947500000000000009e+00 -3.002016100594674941e-01
1.949999999999999956e+00 -3.019636577411242140e-01
1.952500000000000124e+00 -3.037201534624766053e-01
1.955000000000000071e+00 -3.054705415053463047e-01
1.957500000000000018e+00 -3.072142619396426300e-01
1.959999999999999964e+00 -3.089507506108257195e-01
1.962500000000000133e+00 -3.106794391242886366e-01
1.965000000000000080e+00 -3.123997548265254887e-01
1.967500000000000027e+00 -3.141111207829617169e-01
1.969999999999999973e+00 -3.158129557523087216e-01
1.972499999999999920e+00 -3.175046741573115394e-01
1.975000000000000089e+00 -3.191856860517527927e-01
1.977500000000000036e+00 -3.208553970835730240e-01
1.979999999999999982e+00 -3.225132084539685806e-01
1.982499999999999929e+00 -3.241585168723240540e-01
1.985000000000000098e+00 -3.257907145068312249e-01
1.987500000000000044e+00 -3.274091889306520176e-01
1.989999999999999991e+00 -3.290133230634767481e-01
1.992499999999999938e+00 -3.306024951083217367e-01
1.995000000000000107e+00 -3.321760784834199565e-01
1.997500000000000053e+00 -3.337334417490450678e-01
2.000000000000000000e+00 -3.352739485291166832e-01
2.002499999999999947e+00 -3.367969574274250477e-01
2.004999999999999893e+00 -3.383018219383152614e-01
2.007500000000000284e+00 -3.397878903516717841e-01
2.009999999999999787e+00 -3.412545056520337461e-01
2.012500000000000178e+00 -3.427010054116836346e-01
2.015000000000000124e+00 -3.441267216775280025e-01
2.017500000000000071e+00 -3.455309808516182635e-01
2.020000000000000018e+00 -3.469131035651241146e-01
2.022499999999999964e+00 -3.482724045455946604e-01
2.025000000000000355e+00 -3.496081924773329908e-01
2.027499999999999858e+00 -3.509197698547004696e-01
2.030000000000000249e+00 -3.522064328281828693e-01
2.032499999999999751e+00 -3.534673047464356732e-01
2.035000000000000142e+00 -3.546952004923015211e-01
2.037500000000000089e+00 -3.558870664707454168e-01
2.040000000000000036e+00 -3.570435411028767825e-01
2.042499999999999982e+00 -3.581652528925594603e-01
2.044999999999999929e+00 -3.592528206342450736e-01
2.047500000000000320e+00 -3.603068536168454461e-01
2.049999999999999822e+00 -3.613279518236233723e-01
2.052500000000000213e+00 -3.623167061280949119e-01
2.054999999999999716e+00 -3.632736984859304963e-01
2.057500000000000107e+00 -3.641995021228686125e-01
2.060000000000000053e+00 -3.650946817186356830e-01
2.062500000000000000e+00 -3.659597935868990071e-01
2.064999999999999947e+00 -3.667953858512596477e-01
2.067499999999999893e+00 -3.676019986173126308e-01
2.070000000000000284e+00 -3.683801641407993266e-01
2.072499999999999787e+00 -3.691304069918798780e-01
2.075000000000000178e+00 -3.698532442155610944e-01
2.077500000000000124e+00 -3.705491854883116165e-01
2.080000000000000071e+00 -3.712187332709059318e-01
2.082500000000000018e+00 -3.718623829575357087e-01
2.084999999999999964e+00 -3.724806230212299174e-01
2.087500000000000355e+00 -3.730739351556301431e-01
2.089999999999999858e+00 -3.736427944131650025e-01
2.092500000000000249e+00 -3.741876693396730680e-01
2.094999999999999751e+00 -3.747090221055175974e-01
2.097500000000000142e+00 -3.752073086332504692e-01
2.100000000000000089e+00 -3.756829787218670114e-01
2.102500000000000036e+00 -3.761364761677084556e-01
2.104999999999999982e+00 -3.765682388820625337e-01
2.107499999999999929e+00 -3.769786990055122300e-01
2.110000000000000320e+00 -3.773682830190872584e-01
2.112499999999999822e+00 -3.777374118522696667e-01
2.115000000000000213e+00 -3.780865009879086913e-01
2.117499999999999716e+00 -3.784159605640934343e-01
2.120000000000000107e+00 -3.787261954730435365e-01
2.122500000000000053e+00 -3.790176054570618680e-01
2.125000000000000000e+00 -3.792905852016105750e-01
2.127499999999999947e+00 -3.795455244255578897e-01
2.129999999999999893e+00 -3.797828079686504932e-01
2.132500000000000284e+00 -3.800028158762627783e-01
2.134999999999999787e+00 -3.802059234814763045e-01
2.137500000000000178e+00 -3.803925014845393471e-01
2.140000000000000124e+00 -3.805629160297590574e-01
2.142500000000000071e+00 -3.807175287798775787e-01
2.145000000000000018e+00 -3.808566969879810249e-01
2.147499999999999964e+00 -3.809807735669928364e-01
2.150000000000000355e+00 -3.810901071568005838e-01
2.152499999999999858e+00 -3.811850421890652929e-01
2.155000000000000249e+00 -3.812659189497624723e-01
2.157499999999999751e+00 -3.813330736395017517e-01
2.160000000000000142e+00 -3.813868384316748128e-01
2.162500000000000089e+00 -3.814275415284767434e-01
2.165000000000000036e+00 -3.814555072148479997e-01
2.167499999999999982e+00 -3.814710559103850485e-01
2.169999999999999929e+00 -3.814745042192611013e-01
2.172500000000000320e+00 -3.814661649782059016e-01
2.174999999999999822e+00 -3.814463473025868634e-01
2.177500000000000213e+00 -3.814153566306372478e-01
2.179999999999999716e+00 -3.813734947658707353e-01
2.182500000000000107e+00 -3.813210599177319637e-01
2.185000000000000053e+00 -3.812583467405178950e-01
2.187500000000000000e+00 -3.811856463706179698e-01
2.189999999999999947e+00 -3.811032464621096350e-01
2.192499999999999893e+00 -3.810114312207529275e-01
2.195000000000000284e+00 -3.809104814364239755e-01
2.197499999999999787e+00 -3.808006745140241067e-01
2.200000000000000178e+00 -3.806822845029074753e-01
2.202500000000000124e+00 -3.805555821248648996e-01
2.205000000000000071e+00 -3.804208348006987150e-01
2.207500000000000018e+00 -3.802783066754313324e-01
2.209999999999999964e+00 -3.801282586421800835e-01
2.212500000000000355e+00 -3.799709483647379371e-01
2.214999999999999858e+00 -3.798066302988937215e-01
2.217500000000000249e+00 -3.796355557125296598e-01
2.219999999999999751e+00 -3.794579727045296891e-01
2.222500000000000142e+00 -3.792741262225330368e-01
2.225000000000000089e+00 -3.790842580795685257e-01
2.227500000000000036e+00 -3.788886069696014713e-01
2.229999999999999982e+00 -3.786874084820275321e-01
2.232499999999999929e+00 -3.784808951151458767e-01
2.235000000000000320e+00 -3.782692962886422539e-01
2.237499999999999822e+00 -3.780528383551172711e-01
2.240000000000000213e+00 -3.778317446106856936e-01
2.242499999999999716e+00 -3.776062353046841236e-01
2.245000000000000107e+00 -3.773765276485103182e-01
2.247500000000000053e+00 -3.771428358236304512e-01
2.250000000000000000e+00 -3.769053709887782433e-01
2.252499999999999947e+00 -3.766643412863788232e-01
2.254999999999999893e+00 -3.764199518482239659e-01
2.257500000000000284e+00 -3.761724048004260745e-01
2.259999999999999787e+00 -3.759218992676811033e-01
2.262500000000000178e+00 -3.756686313768638485e-01
2.265000000000000124e+00 -3.754127942599863044e-01
2.267500000000000071e+00 -3.751545780565410659e-01
2.270000000000000018e+00 -3.748941699152596452e-01
2.272499999999999964e+00 -3.746317539953088471e-01
2.275000000000000355e+00 -3.743675114669490767e-01
2.277499999999999858e+00 -3.741016205116822202e-01
2.280000000000000249e+00 -3.738342563219099746e-01
2.282499999999999751e+00 -3.735655911001291019e-01
2.285000000000000142e+00 -3.732957940576830946e-01
2.287500000000000089e+00 -3.730250314130980072e-01
2.290000000000000036e+00 -3.727534663900191059e-01
2.292499999999999982e+00 -3.724812592147754287e-01
2.294999999999999929e+00 -3.722085671135896834e-01
2.297500000000000320e+00 -3.719355443094565783e-01
2.299999999999999822e+00 -3.716623420187109006e-01
2.302500000000000213e+00 -3.713891084473019966e-01
2.304999999999999716e+00 -3.711159887867996887e-01
2.307500000000000107e+00 -3.708431252101445086e-01
2.310000000000000053e+00 -3.705706568671682244e-01
2.312500000000000000e+00 -3.702987198798963209e-01
2.314999999999999947e+00 -3.700274473376551354e-01
2.317499999999999893e+00 -3.697569692920001927e-01
2.320000000000000284e+00 -3.694874127514805595e-01
2.322499999999999787e+00 -3.692189016762597031e-01
2.325000000000000178e+00 -3.689515569726057320e-01
2.327500000000000124e+00 -3.686854964872687268e-01
2.330000000000000071e+00 -3.684208350017618150e-01
2.332500000000000018e+00 -3.681576842265567029e-01
2.334999999999999964e+00 -3.678961527952131494e-01
2.337500000000000355e+00 -3.676363462584535391e-01
2.339999999999999858e+00 -3.673783670781979871e-01
2.342500000000000249e+00 -3.671223146215709110e-01
2.344999999999999751e+00 -3.668682851548956125e-01
2.347500000000000142e+00 -3.666163718376849734e-01
2.350000000000000089e+00 -3.663666647166450852e-01
2.352500000000000036e+00 -3.661192507196985857e-01
2.354999999999999982e+00 -3.658742136500427455e-01
2.357499999999999929e+00 -3.656316341802514636e-01
2.360000000000000320e+00 -3.653915898464306089e-01
2.362499999999999822e+00 -3.651541550424390326e-01
2.365000000000000213e+00 -3.649194010141822431e-01
2.367499999999999716e+00 -3.646873958539894045e-01
2.370000000000000107e+00 -3.644582044950817057e-01
2.372500000000000053e+00 -3.642318887061412047e-01
2.375000000000000000e+00 -3.640085070859854222e-01
2.377499999999999947e+00 -3.637881150583592293e-01
2.379999999999999893e+00 -3.635707648668462522e-01
2.382500000000000284e+00 -3.633565055699108926e-01
2.384999999999999787e+00 -3.631453830360725776e-01
2.387500000000000178e+00 -3.629374399392227835e-01
2.390000000000000124e+00 -3.627327157540861102e-01
2.392500000000000071e+00 -3.625312467518310711e-01
2.395000000000000018e+00 -3.623330659958378108e-01
2.397499999999999964e+00 -3.621382033376231435e-01
2.400000000000000355e+00 -3.619466854129283484e-01
2.402499999999999858e+00 -3.617585356379732775e-01
2.405000000000000249e+00 -3.615737742058780513e-01
2.407499999999999751e+00 -3.613924180832567834e-01
2.410000000000000142e+00 -3.612144810069825573e-01
2.412500000000000089e+00 -3.610399734811283734e-01
2.415000000000000036e+00 -3.608689027740819566e-01
2.417499999999999982e+00 -3.607012729158384778e-01
2.419999999999999929e+00 -3.605370846954681907e-01
2.422500000000000320e+00 -3.603763356587612599e-01
2.424999999999999822e+00 -3.602190201060481156e-01
2.427500000000000213e+00 -3.600651290901948909e-01
2.429999999999999716e+00 -3.599146504147722747e-01
2.432500000000000107e+00 -3.597675686323962285e-01
2.435000000000000053e+00 -3.596238650432378448e-01
2.437500000000000000e+00 -3.594835176937015153e-01
2.439999999999999947e+00 -3.593465013752648041e-01
2.442499999999999893e+00 -3.592127876234818551e-01
2.445000000000000284e+00 -3.590823447171416771e-01
2.447499999999999787e+00 -3.589551376775786951e-01
2.450000000000000178e+00 -3.588311282681335146e-01
2.452500000000000124e+00 -3.587102749937540747e-01
2.455000000000000071e+00 -3.585925331007364103e-01
2.457500000000000018e+00 -3.584778545765953672e-01
2.459999999999999964e+00 -3.583661881500621038e-01
2.462500000000000355e+00 -3.582574792911994987e-01
2.464999999999999858e+00 -3.581516702116299689e-01
2.467500000000000249e+00 -3.580486998648662045e-01
2.469999999999999751e+00 -3.579485039467400487e-01
2.472500000000000142e+00 -3.578510148959177517e-01
2.475000000000000089e+00 -3.577561618944959942e-01
2.477500000000000036e+00 -3.576638708686669110e-01
2.479999999999999982e+00 -3.575740644894451203e-01
2.482499999999999929e+00 -3.574866621734439920e-01
2.485000000000000320e+00 -3.574015800836943813e-01
2.487499999999999822e+00 -3.573187311304914515e-01
2.490000000000000213e+00 -3.572380249722615364e-01
2.492499999999999716e+00 -3.571593680164350526e-01
2.495000000000000107e+00 -3.570826634203155270e-01
2.497500000000000053e+00 -3.570078110919304160e-01
2.500000000000000000e+00 -3.569347076908530592e-01
2.502499999999999947e+00 -3.568632466289812233e-01
2.504999999999999893e+00 -3.567933180712588581e-01
2.507499999999999840e+00 -3.567248089363272423e-01
2.510000000000000231e+00 -3.566576028970911416e-01
2.512500000000000178e+00 -3.565915803811853801e-01
2.515000000000000124e+00 -3.565266185713265590e-01
2.517500000000000071e+00 -3.564625914055332134e-01
2.520000000000000018e+00 -3.563993695772008086e-01
2.522499999999999964e+00 -3.563368205350124218e-01
2.524999999999999911e+00 -3.562748084826700690e-01
2.527499999999999858e+00 -3.562131943784291876e-01
2.530000000000000249e+00 -3.561518359344178486e-01
2.532500000000000195e+00 -3.560905876157229311e-01
2.535000000000000142e+00 -3.560293006392256654e-01
2.537500000000000089e+00 -3.559678229721664477e-01
2.540000000000000036e+00 -3.559059993304200531e-01
2.542499999999999982e+00 -3.558436711764617622e-01
2.544999999999999929e+00 -3.557806767170040851e-01
2.547499999999999876e+00 -3.557168509002832657e-01
2.549999999999999822e+00 -3.556520324364657037e-01
2.552500000000000213e+00 -3.555874086249539157e-01
2.555000000000000160e+00 -3.555239297616089034e-01
2.557500000000000107e+00 -3.554615804755177355e-01
2.560000000000000053e+00 -3.554003454984341892e-01
2.562500000000000000e+00 -3.553402096649292408e-01
2.564999999999999947e+00 -3.552811579125373931e-01
2.567499999999999893e+00 -3.552231752819011712e-01
2.569999999999999840e+00 -3.551662469169099556e-01
2.572500000000000231e+00 -3.551103580648395930e-01
2.575000000000000178e+00 -3.550554940764851231e-01
2.577500000000000124e+00 -3.550016404062946718e-01
2.580000000000000071e+00 -3.549487826124961831e-01
2.582500000000000018e+00 -3.548969063572253724e-01
2.584999999999999964e+00 -3.548459974066479616e-01
2.587499999999999911e+00 -3.547960416310810272e-01
2.589999999999999858e+00 -3.547470250051104612e-01
2.592500000000000249e+00 -3.546989336077070454e-01
2.595000000000000195e+00 -3.546517536223388056e-01
2.597500000000000142e+00 -3.546054713370812572e-01
2.600000000000000089e+00 -3.545600731447250964e-01
2.602500000000000036e+00 -3.545155455428817826e-01
2.604999999999999982e+00 -3.544718751340863450e-01
2.607499999999999929e+00 -3.544290486258976358e-01
2.609999999999999876e+00 -3.543870528309970291e-01
2.612499999999999822e+00 -3.543458746672831783e-01
2.615000000000000213e+00 -3.543055011579668290e-01
2.617500000000000160e+00 -3.542659194316613025e-01
2.620000000000000107e+00 -3.542271167224722017e-01
2.622500000000000053e+00 -3.541890803700838419e-01
2.625000000000000000e+00 -3.541517978198447936e-01
2.627499999999999947e+00 -3.541152566228501497e-01
2.629999999999999893e+00 -3.540794444360222948e-01
2.632499999999999840e+00 -3.540443490221901746e-01
2.635000000000000231e+00 -3.540099582501657349e-01
2.637500000000000178e+00 -3.539762600948184179e-01
2.640000000000000124e+00 -3.539432426371487694e-01
2.642500000000000071e+00 -3.539108940643590495e-01
2.645000000000000018e+00 -3.538792026699226767e-01
2.647499999999999964e+00 -3.538481568536515076e-01
2.649999999999999911e+00 -3.538177451217617286e-01
2.652499999999999858e+00 -3.537879560869373607e-01
2.655000000000000249e+00 -3.537587784683930425e-01
2.657500000000000195e+00 -3.537302010919342599e-01
2.660000000000000142e+00 -3.537022128900164097e-01
2.662500000000000089e+00 -3.536748029018018658e-01
2.665000000000000036e+00 -3.536479602732161553e-01
2.667499999999999982e+00 -3.536216742570014726e-01
2.669999999999999929e+00 -3.535959342127701355e-01
2.672499999999999876e+00 -3.535707296070557115e-01
2.675000000000000266e+00 -3.535460500133616457e-01
2.677500000000000213e+00 -3.535218851122113870e-01
2.680000000000000160e+00 -3.534982246911935189e-01
2.682500000000000107e+00 -3.534750586450088328e-01
2.685000000000000053e+00 -3.534523769755137379e-01
2.687500000000000000e+00 -3.534301697917629492e-01
2.689999999999999947e+00 -3.534084273100518980e-01
2.692499999999999893e+00 -3.533871398539566999e-01
2.694999999999999840e+00 -3.533662978543730127e-01
2.697500000000000231e+00 -3.533458918495545609e-01
2.700000000000000178e+00 -3.533259124851497734e-01
2.702500000000000124e+00 -3.533063505142369776e-01
2.705000000000000071e+00 -3.532871967973594263e-01
2.707500000000000018e+00 -3.532684423025583831e-01
2.709999999999999964e+00 -3.532500781054058736e-01
2.712499999999999911e+00 -3.532320953890353832e-01
2.714999999999999858e+00 -3.532144854441729431e-01
2.717500000000000249e+00 -3.531972396691654414e-01
2.720000000000000195e+00 -3.531803495700096551e-01
2.722500000000000142e+00 -3.531638067603794506e-01
2.725000000000000089e+00 -3.531476029616523737e-01
2.727500000000000036e+00 -3.531317300029344630e-01
2.729999999999999982e+00 -3.531161798210858405e-01
2.732499999999999929e+00 -3.531009444607440262e-01
2.734999999999999876e+00 -3.530860160743470311e-01
2.737500000000000266e+00 -3.530713869221552281e-01
2.740000000000000213e+00 -3.530570493722732239e-01
2.742500000000000160e+00 -3.530429959006702312e-01
2.745000000000000107e+00 -3.530292190911994421e-01
2.747500000000000053e+00 -3.530157116356179015e-01
2.750000000000000000e+00 -3.530024663336046031e-01
2.752499999999999947e+00 -3.529894760927779207e-01
2.754999999999999893e+00 -3.529767339287133154e-01
2.757499999999999840e+00 -3.529642329649589350e-01
2.760000000000000231e+00 -3.529519664330518780e-01
2.762500000000000178e+00 -3.529399276725334600e-01
2.765000000000000124e+00 -3.529281101309633684e-01
2.767500000000000071e+00 -3.529165073639339845e-01
2.770000000000000018e+00 -3.529051130350835397e-01
2.772499999999999964e+00 -3.528939209161095492e-01
2.774999999999999911e+00 -3.528829248867802471e-01
2.777499999999999858e+00 -3.528721189349476317e-01
2.780000000000000249e+00 -3.528614971565578462e-01
2.782500000000000195e+00 -3.528510537556625581e-01
2.785000000000000142e+00 -3.528407830444293403e-01
2.787500000000000089e+00 -3.528306794431516624e-01
2.790000000000000036e+00 -3.528207374802586060e-01
2.792499999999999982e+00 -3.528109517923237459e-01
2.794999999999999929e+00 -3.528013171240742540e-01
2.797499999999999876e+00 -3.527918283283991707e-01
2.800000000000000266e+00 -3.527824803663575093e-01
2.802500000000000213e+00 -3.527732683071854725e-01
2.805000000000000160e+00 -3.527641873283050011e-01
2.807500000000000107e+00 -3.527552327153292699e-01
2.810000000000000053e+00 -3.527463998620704033e-01
2.812500000000000000e+00 -3.527376842705458038e-01
2.814999999999999947e+00 -3.527290815509841471e-01
2.817499999999999893e+00 -3.527205874218306003e-01
2.819999999999999840e+00 -3.527121977097539274e-01
2.822500000000000231e+00 -3.527039083496500416e-01
2.825000000000000178e+00 -3.526957153846487225e-01
2.827500000000000124e+00 -3.526876149661172799e-01
2.830000000000000071e+00 -3.526796033536661601e-01
2.832500000000000018e+00 -3.526716769151522768e-01
2.834999999999999964e+00 -3.526638321266847287e-01
2.837499999999999911e+00 -3.526560655726272975e-01
2.839999999999999858e+00 -3.526483739456036659e-01
2.842500000000000249e+00 -3.526407540465005264e-01
2.845000000000000195e+00 -3.526332027844708561e-01
2.847500000000000142e+00 -3.526257171769381915e-01
2.850000000000000089e+00 -3.526182943495989597e-01
2.852500000000000036e+00 -3.526109315364262531e-01
2.854999999999999982e+00 -3.526036260796727717e-01
2.857499999999999929e+00 -3.525963754298732100e-01
2.859999999999999876e+00 -3.525891771458479762e-01
2.862500000000000266e+00 -3.525820288947046910e-01
2.865000000000000213e+00 -3.525749284518419624e-01
2.867500000000000160e+00 -3.525678737009508845e-01
2.870000000000000107e+00 -3.525608626340178131e-01
2.872500000000000053e+00 -3.525538933513274187e-01
2.875000000000000000e+00 -3.525469640614635747e-01
2.877499999999999947e+00 -3.525400730813125771e-01
2.879999999999999893e+00 -3.525332188360644770e-01
2.882499999999999840e+00 -3.525263998592160219e-01
2.885000000000000231e+00 -3.525196147925720447e-01
2.887500000000000178e+00 -3.525128623862476274e-01
2.890000000000000124e+00 -3.525061414986694897e-01
2.892500000000000071e+00 -3.524994510965790973e-01
2.895000000000000018e+00 -3.524927902550329395e-01
2.897499999999999964e+00 -3.524861581574055269e-01
2.899999999999999911e+00 -3.524795540953904460e-01
2.902499999999999858e+00 -3.524729774690021356e-01
2.905000000000000249e+00 -3.524664277865781070e-01
2.907500000000000195e+00 -3.524599046647796108e-01
2.910000000000000142e+00 -3.524534078285943561e-01
2.912500000000000089e+00 -3.524469371113373439e-01
2.915000000000000036e+00 -3.524404924546523099e-01
2.917499999999999982e+00 -3.524340739085142227e-01
2.919999999999999929e+00 -3.524276816312296168e-01
2.922499999999999876e+00 -3.524213158894392017e-01
2.925000000000000266e+00 -3.524149770581179175e-01
2.927500000000000213e+00 -3.524086656205780432e-01
2.930000000000000160e+00 -3.524023821684690305e-01
2.932500000000000107e+00 -3.523961274017800016e-01
2.935000000000000053e+00 -3.523899021288402489e-01
2.937500000000000000e+00 -3.523837072663215109e-01
2.939999999999999947e+00 -3.523775438392381942e-01
2.942499999999999893e+00 -3.523714129809492612e-01
2.944999999999999840e+00 -3.523653159331591733e-01
2.947500000000000231e+00 -3.523592540459191125e-01
2.950000000000000178e+00 -3.523532287776280914e-01
2.952500000000000124e+00 -3.523472416950340080e-01
2.955000000000000071e+00 -3.523412944732345342e-01
2.957500000000000018e+00 -3.523353888956778923e-01
2.959999999999999964e+00 -3.523295268541644654e-01
2.962499999999999911e+00 -3.523237103488465749e-01
2.964999999999999858e+00 -3.523179414882300908e-01
2.967500000000000249e+00 -3.523122224891742094e-01
2.970000000000000195e+00 -3.523065556768932294e-01
2.972500000000000142e+00 -3.523009434849558308e-01
2.975000000000000089e+00 -3.522953884552857406e-01
2.977500000000000036e+00 -3.522898932381627324e-01
2.979999999999999982e+00 -3.522844605922218486e-01
2.982499999999999929e+00 -3.522790933844541783e-01
2.984999999999999876e+00 -3.522737945902060241e-01
2.987500000000000266e+00 -3.522685672931796241e-01
2.990000000000000213e+00 -3.522634146854320414e-01
2.992500000000000160e+00 -3.522583400673747200e-01
2.995000000000000107e+00 -3.522533468477738738e-01
2.997500000000000053e+00 -3.522484385437477661e-01
3.000000000000000000e+00 -3.522436187807675978e-01
