5.000000000000000000e-01 0.000000000000000000e+00
5.024999999999999467e-01 3.776577612803652234e-05
5.050000000000000044e-01 7.523558694703747559e-05
5.074999999999999512e-01 1.125494106035016483e-04
5.100000000000000089e-01 1.496393979995648863e-04
5.124999999999999556e-01 1.863910325976413269e-04
5.150000000000000133e-01 2.229757461691403496e-04
5.174999999999999600e-01 2.593660173695035371e-04
5.200000000000000178e-01 2.955297257205202950e-04
5.224999999999999645e-01 3.314516199993245804e-04
5.250000000000000222e-01 3.671339386323362541e-04
5.274999999999999689e-01 4.025968922782391618e-04
5.300000000000000266e-01 4.378604604799657212e-04
5.324999999999999734e-01 4.728998192471994171e-04
5.350000000000000311e-01 5.076906510867158859e-04
5.374999999999999778e-01 5.422210877626202621e-04
5.400000000000000355e-01 5.764920210849922141e-04
5.424999999999999822e-01 6.105172596566599795e-04
5.450000000000000400e-01 6.443235775876264126e-04
5.474999999999999867e-01 6.779507685595441034e-04
5.500000000000000444e-01 7.114518579843608472e-04
5.524999999999999911e-01 7.448792844141721671e-04
5.550000000000000488e-01 7.781432239558604960e-04
5.574999999999999956e-01 8.112211914062923907e-04
5.600000000000000533e-01 8.441231865080080481e-04
5.625000000000000000e-01 8.768577936949352794e-04
5.649999999999999467e-01 9.094321464331515774e-04
5.675000000000000044e-01 9.418518927230816072e-04
5.700000000000000622e-01 9.741211592267188255e-04
5.725000000000000089e-01 1.006242512939741320e-03
5.749999999999999556e-01 1.038216920361495575e-03
5.775000000000000133e-01 1.070043704860696408e-03
5.799999999999999600e-01 1.101720503479701333e-03
5.825000000000000178e-01 1.133244290200955979e-03
5.849999999999999645e-01 1.164628072056234261e-03
5.875000000000000222e-01 1.195885168282474808e-03
5.899999999999999689e-01 1.227025576888265317e-03
5.925000000000000266e-01 1.258058919123934997e-03
5.949999999999999734e-01 1.288994433929048413e-03
5.975000000000000311e-01 1.319840972229114999e-03
5.999999999999999778e-01 1.350606990382906400e-03
6.025000000000000355e-01 1.381300542273761721e-03
6.049999999999999822e-01 1.411929269691360091e-03
6.075000000000000400e-01 1.442500390773921674e-03
6.099999999999999867e-01 1.473020686380931274e-03
6.125000000000000444e-01 1.503496484348629562e-03
6.149999999999999911e-01 1.533933641647970561e-03
6.175000000000000488e-01 1.564337524520737020e-03
6.199999999999999956e-01 1.594712986715778177e-03
6.225000000000000533e-01 1.625064345985948724e-03
6.250000000000000000e-01 1.655395359038147563e-03
6.274999999999999467e-01 1.685709195155290444e-03
6.300000000000000044e-01 1.716008408730542237e-03
6.325000000000000622e-01 1.746294910971615648e-03
6.350000000000000089e-01 1.776598624902679842e-03
6.374999999999999556e-01 1.806971520032021666e-03
6.400000000000000133e-01 1.837424356833673549e-03
6.425000000000000711e-01 1.867968575289339185e-03
6.450000000000000178e-01 1.898616938656509830e-03
6.474999999999999645e-01 1.929383582733259443e-03
6.500000000000000222e-01 1.960284069121234849e-03
6.524999999999999689e-01 1.991335442480112773e-03
6.550000000000000266e-01 2.022556291804947833e-03
6.574999999999999734e-01 2.053966815782965003e-03
6.600000000000000311e-01 2.085588892299780703e-03
6.624999999999999778e-01 2.117446152167080844e-03
6.650000000000000355e-01 2.149564057135538997e-03
6.674999999999999822e-01 2.181969982238262263e-03
6.700000000000000400e-01 2.214693302482130272e-03
6.724999999999999867e-01 2.247765483866985201e-03
6.750000000000000444e-01 2.281220178666500467e-03
6.774999999999999911e-01 2.315093324849642250e-03
6.799999999999999378e-01 2.349423249458781112e-03
6.824999999999999956e-01 2.384250775689798069e-03
6.850000000000000533e-01 2.419619333341968635e-03
6.875000000000000000e-01 2.455575072221479870e-03
6.899999999999999467e-01 2.492166977993332238e-03
6.925000000000000044e-01 2.529446989883090725e-03
6.950000000000000622e-01 2.567470119534149588e-03
6.975000000000000089e-01 2.606294570229282948e-03
6.999999999999999556e-01 2.645981855589452526e-03
7.025000000000000133e-01 2.686596916770249855e-03
7.050000000000000711e-01 2.728208237089548276e-03
7.075000000000000178e-01 2.770887952941618066e-03
7.099999999999999645e-01 2.814711959786090571e-03
7.125000000000000222e-01 2.859760011947818422e-03
7.149999999999999689e-01 2.906115814929023915e-03
7.175000000000000266e-01 2.953867108921275856e-03
7.199999999999999734e-01 3.002988826869026212e-03
7.225000000000000311e-01 3.053377855624249317e-03
7.249999999999999778e-01 3.105185081105305521e-03
7.275000000000000355e-01 3.158576272734883034e-03
7.299999999999999822e-01 3.213725554384395337e-03
7.325000000000000400e-01 3.270815220799913776e-03
7.349999999999999867e-01 3.330035583982877533e-03
7.375000000000000444e-01 3.391584818237904954e-03
7.399999999999999911e-01 3.455668776859893536e-03
7.424999999999999378e-01 3.522500757743540680e-03
7.449999999999999956e-01 3.592301199608129506e-03
7.475000000000000533e-01 3.665297295051730530e-03
7.500000000000000000e-01 3.741722511257364846e-03
7.524999999999999467e-01 3.821816013810084168e-03
7.550000000000000044e-01 3.905821993657814309e-03
7.575000000000000622e-01 3.993988901644132151e-03
7.600000000000000089e-01 4.086568599124543004e-03
7.624999999999999556e-01 4.183815436809377314e-03
7.650000000000000133e-01 4.285985277021288689e-03
7.675000000000000711e-01 4.393334476895893043e-03
7.700000000000000178e-01 4.506118851601599931e-03
7.724999999999999645e-01 4.624592637358466637e-03
7.750000000000000222e-01 4.749007473889719534e-03
7.775000000000000799e-01 4.879611424983817947e-03
7.800000000000000266e-01 5.016648054163983482e-03
7.824999999999999734e-01 5.160355570178693473e-03
7.850000000000000311e-01 5.310966054291627048e-03
7.875000000000000888e-01 5.468704778330399710e-03
7.900000000000000355e-01 5.633789619320425830e-03
7.924999999999999822e-01 5.806430573445469506e-03
7.949999999999999289e-01 5.986829369182344353e-03
7.974999999999999867e-01 6.175179176869057852e-03
8.000000000000000444e-01 6.371664409766734406e-03
8.024999999999999911e-01 6.576460609916544471e-03
8.049999999999999378e-01 6.789734410791676243e-03
8.074999999999999956e-01 7.011643567891723793e-03
8.100000000000000533e-01 7.242337047991225310e-03
8.125000000000000000e-01 7.481955167686038868e-03
8.149999999999999467e-01 7.730629772122185779e-03
8.175000000000000044e-01 7.988484445278399779e-03
8.200000000000000622e-01 8.255634743841758563e-03
8.225000000000000089e-01 8.532188447506307630e-03
8.249999999999999556e-01 8.818245819383929360e-03
8.275000000000000133e-01 9.113899871099773869e-03
8.300000000000000711e-01 9.419236628015211985e-03
8.325000000000000178e-01 9.734335390851237002e-03
8.349999999999999645e-01 1.005926899075446426e-02
8.375000000000000222e-01 1.039410403554403423e-02
8.400000000000000799e-01 1.073890114549386730e-02
8.425000000000000266e-01 1.109371517753827453e-02
8.449999999999999734e-01 1.145859543724205357e-02
8.475000000000000311e-01 1.183358587825279057e-02
8.500000000000000888e-01 1.221872528925948068e-02
8.525000000000000355e-01 1.261404746872472546e-02
8.549999999999999822e-01 1.301958138784493034e-02
8.574999999999999289e-01 1.343535134233193873e-02
8.599999999999999867e-01 1.386137709370837204e-02
8.625000000000000444e-01 1.429767400087271143e-02
8.649999999999999911e-01 1.474425314272722297e-02
8.674999999999999378e-01 1.520113485210696988e-02
8.699999999999999956e-01 1.566822259820596988e-02
8.725000000000000533e-01 1.614467862215489616e-02
8.750000000000000000e-01 1.662949612714657854e-02
8.774999999999999467e-01 1.712162503429731295e-02
8.800000000000000044e-01 1.761997248942172301e-02
8.825000000000000622e-01 1.812340352082122269e-02
8.850000000000000089e-01 1.863074186022676756e-02
8.874999999999999556e-01 1.914077094149470651e-02
8.900000000000000133e-01 1.965223509445263028e-02
8.925000000000000711e-01 2.016384095449776787e-02
8.950000000000000178e-01 2.067425911224122018e-02
8.974999999999999645e-01 2.118212603176271303e-02
9.000000000000000222e-01 2.168604627100474344e-02
9.025000000000000799e-01 2.218459504362718313e-02
9.050000000000000266e-01 2.267632116842267440e-02
9.074999999999999734e-01 2.315975046035179466e-02
9.100000000000000311e-01 2.363338962662317466e-02
9.125000000000000888e-01 2.409573074229076975e-02
9.150000000000000355e-01 2.454525639289286548e-02
9.174999999999999822e-01 2.498044558710183632e-02
9.199999999999999289e-01 2.539978056064966586e-02
9.224999999999999867e-01 2.580175461448222865e-02
9.250000000000000444e-01 2.618488115580960840e-02
9.274999999999999911e-01 2.654770414119679220e-02
9.299999999999999378e-01 2.688881015692154083e-02
9.324999999999999956e-01 2.720684241446042623e-02
9.350000000000000533e-01 2.750051698918193344e-02
9.375000000000000000e-01 2.776864168920287548e-02
9.399999999999999467e-01 2.801013800993508093e-02
9.425000000000000044e-01 2.822406670896453196e-02
9.450000000000000622e-01 2.840965762597740321e-02
9.475000000000000089e-01 2.856634447305856500e-02
9.499999999999999556e-01 2.869380542995382186e-02
9.525000000000000133e-01 2.879201049250024527e-02
9.550000000000000711e-01 2.886127663221195114e-02
9.575000000000000178e-01 2.890233191683211703e-02
9.599999999999999645e-01 2.891638979248360372e-02
9.625000000000000222e-01 2.890523470194916386e-02
9.650000000000000799e-01 2.887132005671496846e-02
9.675000000000000266e-01 2.881787921507208278e-02
9.699999999999999734e-01 2.874904943782611091e-02
9.725000000000000311e-01 2.867000765799918721e-02
9.750000000000000888e-01 2.858711514521176597e-02
9.775000000000000355e-01 2.850806559705457849e-02
9.799999999999999822e-01 2.844202772005953797e-02
9.824999999999999289e-01 2.839902083171843769e-02
9.849999999999999867e-01 2.838909893336255888e-02
9.875000000000000444e-01 2.843003991873507136e-02
9.899999999999999911e-01 2.854088530391603318e-02
9.924999999999999378e-01 2.874050739989386649e-02
9.949999999999999956e-01 2.904699250350209830e-02
9.975000000000000533e-01 2.947696958314476381e-02
1.000000000000000000e+00 3.004495614963629754e-02
1.002499999999999947e+00 3.076280399888680142e-02
1.004999999999999893e+00 3.163931987876109769e-02
1.007500000000000062e+00 3.268010922931101347e-02
1.010000000000000009e+00 3.388765196990251721e-02
1.012499999999999956e+00 3.526157986202861638e-02
1.015000000000000124e+00 3.679909674757125132e-02
1.017500000000000071e+00 3.849547197526239500e-02
1.020000000000000018e+00 4.034454266170060810e-02
1.022499999999999964e+00 4.233917632117122770e-02
1.024999999999999911e+00 4.447166482792735270e-02
1.027499999999999858e+00 4.673403820939023984e-02
1.030000000000000027e+00 4.911829962343378098e-02
1.032499999999999973e+00 5.161659056421336739e-02
1.035000000000000142e+00 5.422129874388535720e-02
1.037500000000000089e+00 5.692512155900968096e-02
1.040000000000000036e+00 5.972109683238718825e-02
1.042499999999999982e+00 6.260261056625961162e-02
1.044999999999999929e+00 6.556338934875723112e-02
1.047499999999999876e+00 6.859748314298927396e-02
1.050000000000000044e+00 7.169924259130765198e-02
1.052499999999999991e+00 7.486329371042221847e-02
1.055000000000000160e+00 7.808451190543669318e-02
1.057500000000000107e+00 8.135799654019572336e-02
1.060000000000000053e+00 8.467904681233524855e-02
1.062500000000000000e+00 8.804313934444374379e-02
1.064999999999999947e+00 9.144590767701413214e-02
1.067499999999999893e+00 9.488312370252120764e-02
1.070000000000000062e+00 9.835068098910093592e-02
1.072500000000000009e+00 1.018445798894233451e-01
1.075000000000000178e+00 1.053609143029204803e-01
1.077500000000000124e+00 1.088958599487148265e-01
1.080000000000000071e+00 1.124456640063327545e-01
1.082500000000000018e+00 1.160066359873691832e-01
1.084999999999999964e+00 1.195751397109637432e-01
1.087499999999999911e+00 1.231475862673868660e-01
1.089999999999999858e+00 1.267204278660682970e-01
1.092500000000000027e+00 1.302901524763029062e-01
1.094999999999999973e+00 1.338548405066648239e-01
1.097500000000000142e+00 1.374156582807946614e-01
1.100000000000000089e+00 1.409721672749616184e-01
1.102500000000000036e+00 1.445239379667703772e-01
1.104999999999999982e+00 1.480705998042027016e-01
1.107499999999999929e+00 1.516118316704062330e-01
1.109999999999999876e+00 1.551473538892572668e-01
1.112500000000000044e+00 1.586769215212894268e-01
1.114999999999999991e+00 1.622003187435222538e-01
1.117500000000000160e+00 1.657173541423394569e-01
1.120000000000000107e+00 1.692278567775294673e-01
1.122500000000000053e+00 1.727316728992623340e-01
1.125000000000000000e+00 1.762286632191379931e-01
1.127499999999999947e+00 1.797187006523801589e-01
1.129999999999999893e+00 1.832016684613880786e-01
1.132500000000000062e+00 1.866774587417384390e-01
1.135000000000000009e+00 1.901459712007678993e-01
1.137500000000000178e+00 1.936071121864056943e-01
1.140000000000000124e+00 1.970607939302104761e-01
1.142500000000000071e+00 2.005069339738702605e-01
1.145000000000000018e+00 2.039454547528503359e-01
1.147499999999999964e+00 2.073762833146408913e-01
1.149999999999999911e+00 2.107993511522269492e-01
1.152499999999999858e+00 2.142145941361003891e-01
1.155000000000000027e+00 2.176219525304315117e-01
1.157499999999999973e+00 2.210213710809724175e-01
1.160000000000000142e+00 2.244127991639512931e-01
1.162500000000000089e+00 2.277961909866386414e-01
1.165000000000000036e+00 2.311715058315243210e-01
1.167499999999999982e+00 2.345387083370896741e-01
1.169999999999999929e+00 2.378977688090959108e-01
1.172499999999999876e+00 2.412486635570977866e-01
1.175000000000000044e+00 2.445913752515871398e-01
1.177499999999999991e+00 2.479258932977670138e-01
1.180000000000000160e+00 2.512522142224883903e-01
1.182500000000000107e+00 2.545703420713231191e-01
1.185000000000000053e+00 2.578802888131622728e-01
1.187500000000000000e+00 2.611820747500581685e-01
1.189999999999999947e+00 2.644757289303480974e-01
1.192499999999999893e+00 2.677612895633545431e-01
1.195000000000000062e+00 2.710388044341966451e-01
1.197500000000000009e+00 2.743083313174453641e-01
1.200000000000000178e+00 2.775699383885480986e-01
1.202500000000000124e+00 2.808237046320880004e-01
1.205000000000000071e+00 2.840697202461034410e-01
1.207500000000000018e+00 2.873080870417959454e-01
1.209999999999999964e+00 2.905389188380783083e-01
1.212499999999999911e+00 2.937623418504960449e-01
1.214999999999999858e+00 2.969784950741490293e-01
1.217500000000000027e+00 3.001875306603050131e-01
1.219999999999999973e+00 3.033896142864626055e-01
1.222500000000000142e+00 3.065849255196811951e-01
1.225000000000000089e+00 3.097736581730348715e-01
1.227500000000000036e+00 3.129560206551008639e-01
1.229999999999999982e+00 3.161322363124172696e-01
1.232499999999999929e+00 3.193025437648897569e-01
1.234999999999999876e+00 3.224671969876857225e-01
1.237500000000000044e+00 3.256256615985514413e-01
1.239999999999999991e+00 3.287772774914403118e-01
1.242500000000000160e+00 3.319220430899553209e-01
1.245000000000000107e+00 3.350599571351421391e-01
1.247500000000000053e+00 3.381910186514168748e-01
1.250000000000000000e+00 3.413152269157312402e-01
1.252499999999999947e+00 3.444325814297266586e-01
1.254999999999999893e+00 3.475430818946462219e-01
1.257500000000000062e+00 3.506467281887941656e-01
1.260000000000000009e+00 3.537435203473437983e-01
1.262500000000000178e+00 3.568334585443200258e-01
1.265000000000000124e+00 3.599165430765818297e-01
1.267500000000000071e+00 3.629927743496600967e-01
1.270000000000000018e+00 3.660621528653015821e-01
1.272499999999999964e+00 3.691246792105928320e-01
1.274999999999999911e+00 3.721803540485401074e-01
1.277499999999999858e+00 3.752291781099935664e-01
1.280000000000000027e+00 3.782711521868125093e-01
1.282499999999999973e+00 3.813062771261732098e-01
1.285000000000000142e+00 3.843345538259334560e-01
1.287500000000000089e+00 3.873559832309654283e-01
1.290000000000000036e+00 3.903705663303863038e-01
1.292499999999999982e+00 3.933783041556080939e-01
1.294999999999999929e+00 3.963791977791468191e-01
1.297499999999999876e+00 3.993732483141231304e-01
1.300000000000000044e+00 4.023604569144024201e-01
1.302499999999999991e+00 4.053408247753151339e-01
1.305000000000000160e+00 4.083143531349138211e-01
1.307500000000000107e+00 4.112810432757134094e-01
1.310000000000000053e+00 4.142408965268788990e-01
1.312500000000000000e+00 4.171939142668133482e-01
1.314999999999999947e+00 4.201400979261126767e-01
1.317499999999999893e+00 4.230794489908520917e-01
1.320000000000000062e+00 4.260119690061692777e-01
1.322500000000000009e+00 4.289376595801152603e-01
1.325000000000000178e+00 4.318565223877463000e-01
1.327500000000000124e+00 4.347685591754253398e-01
1.330000000000000071e+00 4.376737717653144122e-01
1.332500000000000018e+00 4.405721620600299704e-01
1.334999999999999964e+00 4.434637320474415501e-01
1.337499999999999911e+00 4.463484838055944981e-01
1.339999999999999858e+00 4.492264195077363964e-01
1.342500000000000027e+00 4.520975414274308601e-01
1.344999999999999973e+00 4.549618519437396702e-01
1.347500000000000142e+00 4.578193535464648578e-01
1.350000000000000089e+00 4.606700488414260386e-01
1.352500000000000036e+00 4.635139405557708314e-01
1.354999999999999982e+00 4.663510315432964903e-01
1.357499999999999929e+00 4.691813247897790307e-01
1.359999999999999876e+00 4.720048234182928071e-01
1.362500000000000044e+00 4.748215306945156589e-01
1.364999999999999991e+00 4.776314500320058554e-01
1.367500000000000160e+00 4.804345849974477889e-01
1.370000000000000107e+00 4.832309393158512045e-01
1.372500000000000053e+00 4.860205168757049665e-01
1.375000000000000000e+00 4.888033217340695402e-01
1.377499999999999947e+00 4.915793581216110208e-01
1.379999999999999893e+00 4.943486304475628867e-01
1.382500000000000062e+00 4.971111433046158101e-01
1.385000000000000009e+00 4.998669014737261440e-01
1.387500000000000178e+00 5.026159099288439736e-01
1.390000000000000124e+00 5.053581738415501290e-01
1.392500000000000071e+00 5.080936985856046029e-01
1.395000000000000018e+00 5.108224897413974341e-01
1.397499999999999964e+00 5.135445531003037800e-01
1.399999999999999911e+00 5.162598946689365143e-01
1.402499999999999858e+00 5.189685206732972400e-01
1.405000000000000027e+00 5.216704375628203882e-01
1.407499999999999973e+00 5.243656520143099575e-01
1.410000000000000142e+00 5.270541709357695614e-01
1.412500000000000089e+00 5.297360014701184561e-01
1.415000000000000036e+00 5.324111509987986546e-01
1.417499999999999982e+00 5.350796271452679109e-01
1.419999999999999929e+00 5.377414377783792387e-01
1.422499999999999876e+00 5.403965910156479646e-01
1.425000000000000044e+00 5.430450952264014308e-01
1.427499999999999991e+00 5.456869590348164545e-01
1.430000000000000160e+00 5.483221913228419897e-01
1.432500000000000107e+00 5.509508012330042170e-01
1.435000000000000053e+00 5.535727981711016099e-01
1.437500000000000000e+00 5.561881918087832055e-01
1.439999999999999947e+00 5.587969920860135220e-01
1.442499999999999893e+00 5.613992092134262313e-01
1.445000000000000062e+00 5.639948536745650332e-01
1.447500000000000009e+00 5.665839362280132852e-01
1.450000000000000178e+00 5.691664679094153856e-01
1.452500000000000124e+00 5.717424600333882445e-01
1.455000000000000071e+00 5.743119241953259513e-01
1.457500000000000018e+00 5.768748722730984158e-01
1.459999999999999964e+00 5.794313164286464257e-01
1.462499999999999911e+00 5.819812691094728985e-01
1.464999999999999858e+00 5.845247430500352115e-01
1.467500000000000027e+00 5.870617512730357257e-01
1.469999999999999973e+00 5.895923070906171626e-01
1.472500000000000142e+00 5.921164241054641675e-01
1.475000000000000089e+00 5.946341162118066181e-01
1.477500000000000036e+00 5.971453975963397776e-01
1.479999999999999982e+00 5.996502827390486345e-01
1.482499999999999929e+00 6.021487864139516422e-01
1.484999999999999876e+00 6.046409236897569706e-01
1.487500000000000044e+00 6.071267099304400450e-01
1.489999999999999991e+00 6.096061607957408146e-01
1.492500000000000160e+00 6.120792922415868587e-01
1.495000000000000107e+00 6.145461205204414412e-01
1.497500000000000053e+00 6.170066621815819552e-01
1.500000000000000000e+00 6.194609340713126411e-01
1.502499999999999947e+00 6.219089533331092490e-01
1.505000000000000115e+00 6.243507374077049699e-01
1.507500000000000062e+00 6.267863040331169699e-01
1.510000000000000009e+00 6.292156712446180800e-01
1.512499999999999956e+00 6.316388573746555268e-01
1.515000000000000124e+00 6.340558548551907814e-01
1.517500000000000071e+00 6.364662203771714877e-01
1.520000000000000018e+00 6.388698364097662452e-01
1.522499999999999964e+00 6.412667631487968256e-01
1.524999999999999911e+00 6.436570581142054825e-01
1.527500000000000080e+00 6.460407761058745146e-01
1.530000000000000027e+00 6.484179691694509362e-01
1.532499999999999973e+00 6.507886865716304703e-01
1.534999999999999920e+00 6.531529747843682898e-01
1.537500000000000089e+00 6.555108774775129099e-01
1.540000000000000036e+00 6.578624355193722906e-01
1.542499999999999982e+00 6.602076869847502971e-01
1.544999999999999929e+00 6.625466671699951071e-01
1.547500000000000098e+00 6.648794086146340154e-01
1.550000000000000044e+00 6.672059411291728637e-01
1.552499999999999991e+00 6.695262918286654097e-01
1.554999999999999938e+00 6.718404851716630599e-01
1.557500000000000107e+00 6.741485430041761484e-01
1.560000000000000053e+00 6.764504846082930456e-01
1.562500000000000000e+00 6.787463267551121504e-01
1.564999999999999947e+00 6.810360837616569185e-01
1.567500000000000115e+00 6.833197675514607328e-01
1.570000000000000062e+00 6.855973877185124188e-01
1.572500000000000009e+00 6.878689515942728594e-01
1.574999999999999956e+00 6.901344643174791571e-01
1.577500000000000124e+00 6.923939289064680036e-01
1.580000000000000071e+00 6.946473463337512477e-01
1.582500000000000018e+00 6.968947156026044087e-01
1.584999999999999964e+00 6.991360338254173357e-01
1.587500000000000133e+00 7.013712963035801939e-01
1.590000000000000080e+00 7.036004966086841783e-01
1.592500000000000027e+00 7.058236266648224566e-01
1.594999999999999973e+00 7.080406768317856203e-01
1.597499999999999920e+00 7.102516359889567976e-01
1.600000000000000089e+00 7.124564916197182463e-01
1.602500000000000036e+00 7.146552298961881267e-01
1.604999999999999982e+00 7.168478357641153709e-01
1.607499999999999929e+00 7.190342930277645594e-01
1.610000000000000098e+00 7.212145844346339318e-01
1.612500000000000044e+00 7.233886917598559840e-01
1.614999999999999991e+00 7.255565958901292190e-01
1.617499999999999938e+00 7.277182769070492663e-01
1.620000000000000107e+00 7.298737141697022590e-01
1.622500000000000053e+00 7.320228863963912369e-01
1.625000000000000000e+00 7.341657717453816678e-01
1.627499999999999947e+00 7.363023478945429634e-01
1.630000000000000115e+00 7.384325921197804066e-01
1.632500000000000062e+00 7.405564813721484674e-01
1.635000000000000009e+00 7.426739923535520260e-01
1.637499999999999956e+00 7.447851015909332517e-01
1.640000000000000124e+00 7.468897855088588722e-01
1.642500000000000071e+00 7.489880205004199043e-01
1.645000000000000018e+00 7.510797829963639094e-01
1.647499999999999964e+00 7.531650495323833905e-01
1.650000000000000133e+00 7.552437968144851688e-01
1.652500000000000080e+00 7.573160017823749035e-01
1.655000000000000027e+00 7.593816416707924732e-01
1.657499999999999973e+00 7.614406940687332703e-01
1.659999999999999920e+00 7.634931369765041165e-01
1.662500000000000089e+00 7.655389488605560677e-01
1.665000000000000036e+00 7.675781087060449259e-01
1.667499999999999982e+00 7.696105960670739377e-01
1.669999999999999929e+00 7.716363911145749377e-01
1.672500000000000098e+00 7.736554746817853045e-01
1.675000000000000044e+00 7.756678283072869773e-01
1.677499999999999991e+00 7.776734342755701190e-01
1.679999999999999938e+00 7.796722756550933386e-01
1.682500000000000107e+00 7.816643363338074968e-01
1.685000000000000053e+00 7.836496010521204481e-01
1.687500000000000000e+00 7.856280554332790711e-01
1.689999999999999947e+00 7.875996860111451614e-01
1.692500000000000115e+00 7.895644802553519748e-01
1.695000000000000062e+00 7.915224265938176629e-01
1.697500000000000009e+00 7.934735144326119372e-01
1.699999999999999956e+00 7.954177341731539785e-01
1.702500000000000124e+00 7.973550772267415931e-01
1.705000000000000071e+00 7.992855360264000675e-01
1.707500000000000018e+00 8.012091040360442840e-01
1.709999999999999964e+00 8.031257757569585376e-01
1.712500000000000133e+00 8.050355467315825075e-01
1.715000000000000080e+00 8.069384135446137085e-01
1.717500000000000027e+00 8.088343738214275325e-01
1.719999999999999973e+00 8.107234262238138811e-01
1.722499999999999920e+00 8.126055704430461546e-01
1.725000000000000089e+00 8.144808071902842617e-01
1.727500000000000036e+00 8.163491381843236416e-01
1.729999999999999982e+00 8.182105661367059524e-01
1.732499999999999929e+00 8.200650947341994179e-01
1.735000000000000098e+00 8.219127286186689307e-01
1.737500000000000044e+00 8.237534733643486762e-01
1.739999999999999991e+00 8.255873354525414820e-01
1.742499999999999938e+00 8.274143222437605472e-01
1.745000000000000107e+00 8.292344419473356432e-01
1.747500000000000053e+00 8.310477035885091013e-01
1.750000000000000000e+00 8.328541169730483418e-01
1.752499999999999947e+00 8.346536926493947073e-01
1.755000000000000115e+00 8.364464418683843494e-01
1.757500000000000062e+00 8.382323765405630400e-01
1.760000000000000009e+00 8.400115091911347642e-01
1.762499999999999956e+00 8.417838529125668545e-01
1.765000000000000124e+00 8.435494213148936327e-01
1.767500000000000071e+00 8.453082284737469809e-01
1.770000000000000018e+00 8.470602888761582516e-01
1.772499999999999964e+00 8.488056173641613800e-01
1.775000000000000133e+00 8.505442290762432744e-01
1.777500000000000080e+00 8.522761393866785662e-01
1.780000000000000027e+00 8.540013638427932374e-01
1.782499999999999973e+00 8.557199181002004273e-01
1.784999999999999920e+00 8.574318178560527137e-01
1.787500000000000089e+00 8.591370787803569442e-01
1.790000000000000036e+00 8.608357164454033539e-01
1.792499999999999982e+00 8.625277462533521566e-01
1.794999999999999929e+00 8.642131833620335657e-01
1.797500000000000098e+00 8.658920426090098710e-01
1.800000000000000044e+00 8.675643384339541964e-01
1.802499999999999991e+00 8.692300847994011148e-01
1.804999999999999938e+00 8.708892951099225233e-01
1.807500000000000107e+00 8.725419821297896172e-01
1.810000000000000053e+00 8.741881578991745894e-01
1.812500000000000000e+00 8.758278336489588867e-01
1.814999999999999947e+00 8.774610197142002077e-01
1.817500000000000115e+00 8.790877254463288493e-01
1.820000000000000062e+00 8.807079591241303573e-01
1.822500000000000009e+00 8.823217278635852034e-01
1.824999999999999956e+00 8.839290375266253275e-01
1.827500000000000124e+00 8.855298926288796002e-01
1.830000000000000071e+00 8.871242962464738202e-01
1.832500000000000018e+00 8.887122499219559657e-01
1.834999999999999964e+00 8.902937535694173121e-01
1.837500000000000133e+00 8.918688053788794701e-01
1.840000000000000080e+00 8.934374017200231721e-01
1.842500000000000027e+00 8.949995370453303067e-01
1.844999999999999973e+00 8.965552037927140283e-01
1.847499999999999920e+00 8.981043922877164354e-01
1.850000000000000089e+00 8.996470906453455374e-01
1.852500000000000036e+00 9.011832846716344436e-01
1.854999999999999982e+00 9.027129577649980474e-01
1.857499999999999929e+00 9.042360908174701395e-01
1.860000000000000098e+00 9.057526621159006641e-01
1.862500000000000044e+00 9.072626472431907230e-01
1.864999999999999991e+00 9.087660189796581411e-01
1.867499999999999938e+00 9.102627472046046497e-01
1.870000000000000107e+00 9.117527987981786097e-01
1.872500000000000053e+00 9.132361375436119921e-01
1.875000000000000000e+00 9.147127240299218753e-01
1.877499999999999947e+00 9.161825155551589495e-01
1.880000000000000115e+00 9.176454660302935107e-01
1.882500000000000062e+00 9.191015258838243218e-01
1.885000000000000009e+00 9.205506419671989349e-01
1.887499999999999956e+00 9.219927574611375132e-01
1.890000000000000124e+00 9.234278117829451960e-01
1.892500000000000071e+00 9.248557404949064864e-01
1.895000000000000018e+00 9.262764752138501478e-01
1.897499999999999964e+00 9.276899435219783108e-01
1.900000000000000133e+00 9.290960688790501631e-01
1.902500000000000080e+00 9.304947705360090415e-01
1.905000000000000027e+00 9.318859634501532874e-01
1.907499999999999973e+00 9.332695582019348013e-01
1.909999999999999920e+00 9.346454609134882130e-01
1.912500000000000089e+00 9.360135731689724903e-01
1.915000000000000036e+00 9.373737919368323457e-01
1.917499999999999982e+00 9.387260094940644839e-01
1.919999999999999929e+00 9.400701133525871667e-01
1.922500000000000098e+00 9.414059861878076862e-01
1.925000000000000044e+00 9.427335057694842257e-01
1.927499999999999991e+00 9.440525448949781406e-01
1.929999999999999938e+00 9.453629713249885880e-01
1.932500000000000107e+00 9.466646477218755296e-01
1.935000000000000053e+00 9.479574315906577064e-01
1.937500000000000000e+00 9.492411752227908339e-01
1.939999999999999947e+00 9.505157256428187207e-01
1.942500000000000115e+00 9.517809245580006738e-01
1.945000000000000062e+00 9.530366083110085595e-01
1.947500000000000009e+00 9.542826078357991015e-01
1.949999999999999956e+00 9.555187486167520117e-01
1.952500000000000124e+00 9.567448506511870843e-01
1.955000000000000071e+00 9.579607284153497382e-01
1.957500000000000018e+00 9.591661908339722542e-01
1.959999999999999964e+00 9.603610412535150687e-01
1.962500000000000133e+00 9.615450774191854899e-01
1.965000000000000080e+00 9.627180914558439717e-01
1.967500000000000027e+00 9.638798698528998621e-01
1.969999999999999973e+00 9.650301934533056514e-01
1.972499999999999920e+00 9.661688374467513052e-01
1.975000000000000089e+00 9.672955713671760325e-01
1.977500000000000036e+00 9.684101590947019611e-01
1.979999999999999982e+00 9.695123588620994104e-01
1.982499999999999929e+00 9.706019232659047757e-01
1.985000000000000098e+00 9.716785992822966067e-01
1.987500000000000044e+00 9.727421282878553344e-01
1.989999999999999991e+00 9.737922460853170037e-01
1.992499999999999938e+00 9.748286829344505744e-01
1.995000000000000107e+00 9.758511635881743640e-01
1.997500000000000053e+00 9.768594073340428618e-01
2.000000000000000000e+00 9.778531280412314786e-01
2.002499999999999947e+00 9.788320342131479057e-01
2.004999999999999893e+00 9.797958290458079755e-01
2.007500000000000284e+00 9.807442104921128001e-01
2.009999999999999787e+00 9.816768713321681883e-01
2.012500000000000178e+00 9.825934992497942222e-01
2.015000000000000124e+00 9.834937769153698772e-01
2.017500000000000071e+00 9.843773820751706705e-01
2.020000000000000018e+00 9.852439876473544356e-01
2.022499999999999964e+00 9.860932618247642001e-01
2.025000000000000355e+00 9.869248681847072602e-01
2.027499999999999858e+00 9.877384658058918632e-01
2.030000000000000249e+00 9.885337093927021312e-01
2.032499999999999751e+00 9.893102639902799922e-01
2.035000000000000142e+00 9.900684881515791069e-01
2.037500000000000089e+00 9.908087880812909143e-01
2.040000000000000036e+00 9.915313199138575673e-01
2.042499999999999982e+00 9.922362440136085482e-01
2.044999999999999929e+00 9.929237247502112895e-01
2.047500000000000320e+00 9.935939302810860019e-01
2.049999999999999822e+00 9.942470323405744326e-01
2.052500000000000213e+00 9.948832060356630480e-01
2.054999999999999716e+00 9.955026296480561365e-01
2.057500000000000107e+00 9.961054844424189758e-01
2.060000000000000053e+00 9.966919544805946662e-01
2.062500000000000000e+00 9.972622264416266535e-01
2.064999999999999947e+00 9.978164894474050861e-01
2.067499999999999893e+00 9.983549348937754697e-01
2.070000000000000284e+00 9.988777562869425308e-01
2.072499999999999787e+00 9.993851490850155228e-01
2.075000000000000178e+00 9.998773105445425413e-01
2.077500000000000124e+00 1.000354439571882859e+00
2.080000000000000071e+00 1.000816736579280608e+00
2.082500000000000018e+00 1.001264403345494935e+00
2.084999999999999964e+00 1.001697642880861272e+00
2.087500000000000355e+00 1.002116659296644396e+00
2.089999999999999858e+00 1.002521657678570044e+00
2.092500000000000249e+00 1.002912843964401057e+00
2.094999999999999751e+00 1.003290424825451055e+00
2.097500000000000142e+00 1.003654607551919264e+00
2.100000000000000089e+00 1.004005599941931948e+00
2.102500000000000036e+00 1.004343610194190495e+00
2.104999999999999982e+00 1.004668846804122495e+00
2.107499999999999929e+00 1.004981518463427870e+00
2.110000000000000320e+00 1.005281833962938354e+00
2.112499999999999822e+00 1.005570002098680193e+00
2.115000000000000213e+00 1.005846231581065675e+00
2.117499999999999716e+00 1.006110730947110232e+00
2.120000000000000107e+00 1.006363708475604302e+00
2.122500000000000053e+00 1.006605372105146223e+00
2.125000000000000000e+00 1.006835929354966241e+00
2.127499999999999947e+00 1.007055587248455009e+00
2.129999999999999893e+00 1.007264552239328870e+00
2.132500000000000284e+00 1.007463030140355986e+00
2.134999999999999787e+00 1.007651226054574245e+00
2.137500000000000178e+00 1.007829344308929675e+00
2.140000000000000124e+00 1.007997588390274757e+00
2.142500000000000071e+00 1.008156160883655561e+00
2.145000000000000018e+00 1.008305263412832220e+00
2.147499999999999964e+00 1.008445096582964773e+00
2.150000000000000355e+00 1.008575859925413987e+00
2.152499999999999858e+00 1.008697751844592760e+00
2.155000000000000249e+00 1.008810969566814597e+00
2.157499999999999751e+00 1.008915709091089408e+00
2.160000000000000142e+00 1.009012165141807804e+00
2.162500000000000089e+00 1.009100531123269473e+00
2.165000000000000036e+00 1.009180999075998786e+00
2.167499999999999982e+00 1.009253759634806347e+00
2.169999999999999929e+00 1.009319001988545406e+00
2.172500000000000320e+00 1.009376913841519174e+00
2.174999999999999822e+00 1.009427681376493746e+00
2.177500000000000213e+00 1.009471489219273987e+00
2.179999999999999716e+00 1.009508520404799325e+00
2.182500000000000107e+00 1.009538956344720129e+00
2.185000000000000053e+00 1.009562976796411160e+00
2.187500000000000000e+00 1.009580759833387686e+00
2.189999999999999947e+00 1.009592481817081167e+00
2.192499999999999893e+00 1.009598317369941656e+00
2.195000000000000284e+00 1.009598439349826737e+00
2.197499999999999787e+00 1.009593018825644117e+00
2.200000000000000178e+00 1.009582225054213023e+00
2.202500000000000124e+00 1.009566225458307098e+00
2.205000000000000071e+00 1.009545185605851048e+00
2.207500000000000018e+00 1.009519269190235047e+00
2.209999999999999964e+00 1.009488638011714290e+00
2.212500000000000355e+00 1.009453451959865689e+00
2.214999999999999858e+00 1.009413868997069974e+00
2.217500000000000249e+00 1.009370045142987227e+00
2.219999999999999751e+00 1.009322134460000964e+00
2.222500000000000142e+00 1.009270289039599033e+00
2.225000000000000089e+00 1.009214658989663116e+00
2.227500000000000036e+00 1.009155392422641073e+00
2.229999999999999982e+00 1.009092635444573949e+00
2.232499999999999929e+00 1.009026532144952526e+00
2.235000000000000320e+00 1.008957224587374801e+00
2.237499999999999822e+00 1.008884852800982612e+00
2.240000000000000213e+00 1.008809554772646555e+00
2.242499999999999716e+00 1.008731466439885205e+00
2.245000000000000107e+00 1.008650721684479112e+00
2.247500000000000053e+00 1.008567452326771363e+00
2.250000000000000000e+00 1.008481788120620504e+00
2.252499999999999947e+00 1.008393856748988293e+00
2.254999999999999893e+00 1.008303783820137411e+00
2.257500000000000284e+00 1.008211692864418918e+00
2.259999999999999787e+00 1.008117705331625702e+00
2.262500000000000178e+00 1.008021940588891718e+00
2.265000000000000124e+00 1.007924515919114583e+00
2.267500000000000071e+00 1.007825546519884874e+00
2.270000000000000018e+00 1.007725145502893938e+00
2.272499999999999964e+00 1.007623423893809989e+00
2.275000000000000355e+00 1.007520490632594745e+00
2.277499999999999858e+00 1.007416452574244170e+00
2.280000000000000249e+00 1.007311414489936885e+00
2.282499999999999751e+00 1.007205479068565168e+00
2.285000000000000142e+00 1.007098746918638321e+00
2.287500000000000089e+00 1.006991316570532868e+00
2.290000000000000036e+00 1.006883284479074270e+00
2.292499999999999982e+00 1.006774745026436380e+00
2.294999999999999929e+00 1.006665790525336446e+00
2.297500000000000320e+00 1.006556511222508998e+00
2.299999999999999822e+00 1.006446995302445524e+00
2.302500000000000213e+00 1.006337328891383276e+00
2.304999999999999716e+00 1.006227596061521012e+00
2.307500000000000107e+00 1.006117878835454782e+00
2.310000000000000053e+00 1.006008257190811328e+00
2.312500000000000000e+00 1.005898809065069122e+00
2.314999999999999947e+00 1.005789610360547925e+00
2.317499999999999893e+00 1.005680734949555566e+00
2.320000000000000284e+00 1.005572254679674149e+00
2.322499999999999787e+00 1.005464239379178171e+00
2.325000000000000178e+00 1.005356756862563428e+00
2.327500000000000124e+00 1.005249872936174960e+00
2.330000000000000071e+00 1.005143651403929361e+00
2.332500000000000018e+00 1.005038154073106371e+00
2.334999999999999964e+00 1.004933440760202634e+00
2.337500000000000355e+00 1.004829569296840530e+00
2.339999999999999858e+00 1.004726595535712308e+00
2.342500000000000249e+00 1.004624573356552197e+00
2.344999999999999751e+00 1.004523554672122287e+00
2.347500000000000142e+00 1.004423589434208397e+00
2.350000000000000089e+00 1.004324725639606175e+00
2.352500000000000036e+00 1.004227009336090770e+00
2.354999999999999982e+00 1.004130484628365405e+00
2.357499999999999929e+00 1.004035193683970206e+00
2.360000000000000320e+00 1.003941176739147068e+00
2.362499999999999822e+00 1.003848472104653888e+00
2.365000000000000213e+00 1.003757116171512642e+00
2.367499999999999716e+00 1.003667143416689722e+00
2.370000000000000107e+00 1.003578586408695239e+00
2.372500000000000053e+00 1.003491475813099720e+00
2.375000000000000000e+00 1.003405840397952442e+00
2.377499999999999947e+00 1.003321707039105171e+00
2.379999999999999893e+00 1.003239100725421773e+00
2.382500000000000284e+00 1.003158044563882800e+00
2.384999999999999787e+00 1.003078559784562618e+00
2.387500000000000178e+00 1.003000665745488629e+00
2.390000000000000124e+00 1.002924379937364607e+00
2.392500000000000071e+00 1.002849717988163913e+00
2.395000000000000018e+00 1.002776693667579933e+00
2.397499999999999964e+00 1.002705318891333075e+00
2.400000000000000355e+00 1.002635603725334112e+00
2.402499999999999858e+00 1.002567556389689640e+00
2.405000000000000249e+00 1.002501183262561657e+00
2.407499999999999751e+00 1.002436488883863275e+00
2.410000000000000142e+00 1.002373475958799665e+00
2.412500000000000089e+00 1.002312145361245577e+00
2.415000000000000036e+00 1.002252496136962323e+00
2.417499999999999982e+00 1.002194525506648004e+00
2.419999999999999929e+00 1.002138228868825198e+00
2.422500000000000320e+00 1.002083599802560787e+00
2.424999999999999822e+00 1.002030630070022799e+00
2.427500000000000213e+00 1.001979309618870051e+00
2.429999999999999716e+00 1.001929626584476818e+00
2.432500000000000107e+00 1.001881567291993846e+00
2.435000000000000053e+00 1.001835116258247949e+00
2.437500000000000000e+00 1.001790256193479278e+00
2.439999999999999947e+00 1.001746968002918958e+00
2.442499999999999893e+00 1.001705230788212830e+00
2.445000000000000284e+00 1.001665021848689552e+00
2.447499999999999787e+00 1.001626316682479034e+00
2.450000000000000178e+00 1.001589088987483667e+00
2.452500000000000124e+00 1.001553310662205876e+00
2.455000000000000071e+00 1.001518951806440905e+00
2.457500000000000018e+00 1.001485980721829039e+00
2.459999999999999964e+00 1.001454363912284373e+00
2.462500000000000355e+00 1.001424066084297682e+00
2.464999999999999858e+00 1.001395050147122934e+00
2.467500000000000249e+00 1.001367277212850349e+00
2.469999999999999751e+00 1.001340706596375307e+00
2.472500000000000142e+00 1.001315295815270678e+00
2.475000000000000089e+00 1.001291000589566771e+00
2.477500000000000036e+00 1.001267774841446245e+00
2.479999999999999982e+00 1.001245570694868192e+00
2.482499999999999929e+00 1.001224338475123377e+00
2.485000000000000320e+00 1.001204026708327977e+00
2.487499999999999822e+00 1.001184582120876465e+00
2.490000000000000213e+00 1.001165949638844976e+00
2.492499999999999716e+00 1.001148072387374466e+00
2.495000000000000107e+00 1.001130891690027891e+00
2.497500000000000053e+00 1.001114347068141619e+00
2.500000000000000000e+00 1.001098376240179055e+00
2.502499999999999947e+00 1.001082915121094707e+00
2.504999999999999893e+00 1.001067897821728447e+00
2.507499999999999840e+00 1.001053256648231748e+00
2.510000000000000231e+00 1.001038922101546769e+00
2.512500000000000178e+00 1.001024822876947162e+00
2.515000000000000124e+00 1.001010885863651723e+00
2.517500000000000071e+00 1.000997036144531283e+00
2.520000000000000018e+00 1.000983196995914648e+00
2.522499999999999964e+00 1.000969289887513547e+00
2.524999999999999911e+00 1.000955234482477474e+00
2.527499999999999858e+00 1.000940948637597971e+00
2.530000000000000249e+00 1.000926348403669452e+00
2.532500000000000195e+00 1.000911348026034320e+00
2.535000000000000142e+00 1.000895859945313715e+00
2.537500000000000089e+00 1.000879794798356759e+00
2.540000000000000036e+00 1.000863061419408284e+00
2.542499999999999982e+00 1.000845566841527701e+00
2.544999999999999929e+00 1.000827216298262101e+00
2.547499999999999876e+00 1.000807913225605805e+00
2.549999999999999822e+00 1.000787563996666352e+00
2.552500000000000213e+00 1.000766981909239961e+00
2.555000000000000160e+00 1.000746813409099989e+00
2.557500000000000107e+00 1.000727052704614151e+00
2.560000000000000053e+00 1.000707694050770424e+00
2.562500000000000000e+00 1.000688731748968774e+00
2.564999999999999947e+00 1.000670160146819532e+00
2.567499999999999893e+00 1.000651973637942005e+00
2.569999999999999840e+00 1.000634166661772184e+00
2.572500000000000231e+00 1.000616733703369787e+00
2.575000000000000178e+00 1.000599669293229299e+00
2.577500000000000124e+00 1.000582968007099449e+00
2.580000000000000071e+00 1.000566624465803356e+00
2.582500000000000018e+00 1.000550633335059336e+00
2.584999999999999964e+00 1.000534989325311042e+00
2.587499999999999911e+00 1.000519687191558926e+00
2.589999999999999858e+00 1.000504721733193936e+00
2.592500000000000249e+00 1.000490087793836080e+00
2.595000000000000195e+00 1.000475780261177006e+00
2.597500000000000142e+00 1.000461794066824339e+00
2.600000000000000089e+00 1.000448124186150700e+00
2.602500000000000036e+00 1.000434765638145818e+00
2.604999999999999982e+00 1.000421713485271757e+00
2.607499999999999929e+00 1.000408962833320148e+00
2.609999999999999876e+00 1.000396508831275622e+00
2.612499999999999822e+00 1.000384346671179037e+00
2.615000000000000213e+00 1.000372471587996692e+00
2.617500000000000160e+00 1.000360878859489544e+00
2.620000000000000107e+00 1.000349563806087083e+00
2.622500000000000053e+00 1.000338521790766322e+00
2.625000000000000000e+00 1.000327748218928114e+00
2.627499999999999947e+00 1.000317238538282361e+00
2.629999999999999893e+00 1.000306988238731210e+00
2.632499999999999840e+00 1.000296992852258260e+00
2.635000000000000231e+00 1.000287247952818426e+00
2.637500000000000178e+00 1.000277749156232243e+00
2.640000000000000124e+00 1.000268492120079733e+00
2.642500000000000071e+00 1.000259472543602479e+00
2.645000000000000018e+00 1.000250686167599712e+00
2.647499999999999964e+00 1.000242128774336381e+00
2.649999999999999911e+00 1.000233796187446567e+00
2.652499999999999858e+00 1.000225684271841775e+00
2.655000000000000249e+00 1.000217788933622343e+00
2.657500000000000195e+00 1.000210106119990838e+00
2.660000000000000142e+00 1.000202631819164134e+00
2.662500000000000089e+00 1.000195362060296134e+00
2.665000000000000036e+00 1.000188292913391841e+00
2.667499999999999982e+00 1.000181420489233419e+00
2.669999999999999929e+00 1.000174740939300033e+00
2.672499999999999876e+00 1.000168250455697239e+00
2.675000000000000266e+00 1.000161945271083042e+00
2.677500000000000213e+00 1.000155821658597732e+00
2.680000000000000160e+00 1.000149875931796162e+00
2.682500000000000107e+00 1.000144104444581350e+00
2.685000000000000053e+00 1.000138503591139649e+00
2.687500000000000000e+00 1.000133069805878128e+00
2.689999999999999947e+00 1.000127799563363951e+00
2.692499999999999893e+00 1.000122689378265761e+00
2.694999999999999840e+00 1.000117735805294394e+00
2.697500000000000231e+00 1.000112935439150252e+00
2.700000000000000178e+00 1.000108284914465129e+00
2.702500000000000124e+00 1.000103780905753581e+00
2.705000000000000071e+00 1.000099420127359640e+00
2.707500000000000018e+00 1.000095199333407736e+00
2.709999999999999964e+00 1.000091115317756296e+00
2.712499999999999911e+00 1.000087164913948445e+00
2.714999999999999858e+00 1.000083344995169599e+00
2.717500000000000249e+00 1.000079652474203051e+00
2.720000000000000195e+00 1.000076084303385793e+00
2.722500000000000142e+00 1.000072637474571868e+00
2.725000000000000089e+00 1.000069309019087527e+00
2.727500000000000036e+00 1.000066096007697469e+00
2.729999999999999982e+00 1.000062995550563771e+00
2.732499999999999929e+00 1.000060004797213242e+00
2.734999999999999876e+00 1.000057120936500565e+00
2.737500000000000266e+00 1.000054341196574770e+00
2.740000000000000213e+00 1.000051662844848144e+00
2.742500000000000160e+00 1.000049083187962706e+00
2.745000000000000107e+00 1.000046599571762451e+00
2.747500000000000053e+00 1.000044209381261595e+00
2.750000000000000000e+00 1.000041910040616822e+00
2.752499999999999947e+00 1.000039699013100414e+00
2.754999999999999893e+00 1.000037573801073831e+00
2.757499999999999840e+00 1.000035531945962175e+00
2.760000000000000231e+00 1.000033571028227986e+00
2.762500000000000178e+00 1.000031688667350149e+00
2.765000000000000124e+00 1.000029882521798807e+00
2.767500000000000071e+00 1.000028150289013151e+00
2.770000000000000018e+00 1.000026489705382771e+00
2.772499999999999964e+00 1.000024898546223673e+00
2.774999999999999911e+00 1.000023374625760741e+00
2.777499999999999858e+00 1.000021915797106420e+00
2.780000000000000249e+00 1.000020519952245168e+00
2.782500000000000195e+00 1.000019185022013035e+00
2.785000000000000142e+00 1.000017908976082559e+00
2.787500000000000089e+00 1.000016689822944338e+00
2.790000000000000036e+00 1.000015525609892819e+00
2.792499999999999982e+00 1.000014414423010090e+00
2.794999999999999929e+00 1.000013354387150777e+00
2.797499999999999876e+00 1.000012343665928949e+00
2.800000000000000266e+00 1.000011380461703903e+00
2.802500000000000213e+00 1.000010463015566398e+00
2.805000000000000160e+00 1.000009589607326443e+00
2.807500000000000107e+00 1.000008758555501531e+00
2.810000000000000053e+00 1.000007968217303755e+00
2.812500000000000000e+00 1.000007216988628933e+00
2.814999999999999947e+00 1.000006503304046168e+00
2.817499999999999893e+00 1.000005825636786083e+00
2.819999999999999840e+00 1.000005182498731715e+00
2.822500000000000231e+00 1.000004572440408301e+00
2.825000000000000178e+00 1.000003994050973288e+00
2.827500000000000124e+00 1.000003445958207671e+00
2.830000000000000071e+00 1.000002926828507777e+00
2.832500000000000018e+00 1.000002435366874831e+00
2.834999999999999964e+00 1.000001970316908295e+00
2.837499999999999911e+00 1.000001530460796983e+00
2.839999999999999858e+00 1.000001114619312625e+00
2.842500000000000249e+00 1.000000721651799429e+00
2.845000000000000195e+00 1.000000350456170750e+00
2.847500000000000142e+00 9.999999999688987673e-01
2.850000000000000089e+00 9.999996691650092639e-01
2.852500000000000036e+00 9.999993570580740787e-01
2.854999999999999982e+00 9.999990627002059984e-01
2.857499999999999929e+00 9.999987851820506535e-01
2.859999999999999876e+00 9.999985236327810778e-01
2.862500000000000266e+00 9.999982772200928238e-01
2.865000000000000213e+00 9.999980451501963019e-01
2.867500000000000160e+00 9.999978266678123395e-01
2.870000000000000107e+00 9.999976210561659640e-01
2.872500000000000053e+00 9.999974276369812953e-01
2.875000000000000000e+00 9.999972457704757733e-01
2.877499999999999947e+00 9.999970748553556055e-01
2.879999999999999893e+00 9.999969143288094386e-01
2.882499999999999840e+00 9.999967636665050286e-01
2.885000000000000231e+00 9.999966223825821343e-01
2.887500000000000178e+00 9.999964900296500758e-01
2.890000000000000124e+00 9.999963661987802954e-01
2.892500000000000071e+00 9.999962505195032492e-01
2.895000000000000018e+00 9.999961426598036329e-01
2.897499999999999964e+00 9.999960423261157194e-01
2.899999999999999911e+00 9.999959492633176961e-01
2.902499999999999858e+00 9.999958632547288895e-01
2.905000000000000249e+00 9.999957841221034371e-01
2.907500000000000195e+00 9.999957117256275119e-01
2.910000000000000142e+00 9.999956459639144368e-01
2.912500000000000089e+00 9.999955867739992454e-01
2.915000000000000036e+00 9.999955341313362389e-01
2.917499999999999982e+00 9.999954880497938792e-01
2.919999999999999929e+00 9.999954485816496819e-01
2.922499999999999876e+00 9.999954158175879959e-01
2.925000000000000266e+00 9.999953898866944524e-01
2.927500000000000213e+00 9.999953709564523008e-01
2.930000000000000160e+00 9.999953592327388563e-01
2.932500000000000107e+00 9.999953549598203928e-01
2.935000000000000053e+00 9.999953584203493673e-01
2.937500000000000000e+00 9.999953699353607561e-01
2.939999999999999947e+00 9.999953898642667260e-01
2.942499999999999893e+00 9.999954186048545246e-01
2.944999999999999840e+00 9.999954565932815953e-01
2.947500000000000231e+00 9.999955043040732461e-01
2.950000000000000178e+00 9.999955622501179864e-01
2.952500000000000124e+00 9.999956309826651957e-01
2.955000000000000071e+00 9.999957110913192393e-01
2.957500000000000018e+00 9.999958032040404676e-01
2.959999999999999964e+00 9.999959079871379997e-01
2.962499999999999911e+00 9.999960261452686128e-01
2.964999999999999858e+00 9.999961584214341892e-01
2.967500000000000249e+00 9.999963055969768311e-01
2.970000000000000195e+00 9.999964684915787494e-01
2.972500000000000142e+00 9.999966479632571570e-01
2.975000000000000089e+00 9.999968449083646016e-01
2.977500000000000036e+00 9.999970602615833037e-01
2.979999999999999982e+00 9.999972949959266000e-01
2.982499999999999929e+00 9.999975501227342800e-01
2.984999999999999876e+00 9.999978266916721426e-01
2.987500000000000266e+00 9.999981257907298859e-01
2.990000000000000213e+00 9.999984485462202199e-01
2.992500000000000160e+00 9.999987961227775335e-01
2.995000000000000107e+00 9.999991697233564514e-01
2.997500000000000053e+00 9.999995705892323894e-01
3.000000000000000000e+00 1.000000000000000000e+00
