5.000000000000000000e-01 -0.000000000000000000e+00
5.024999999999999467e-01 -6.109477468252730858e-01
5.050000000000000044e-01 -6.101014453847024566e-01
5.074999999999999512e-01 -6.134254399693370718e-01
5.100000000000000089e-01 -6.161441010694539422e-01
5.124999999999999556e-01 -6.164886972304693957e-01
5.150000000000000133e-01 -6.181868672774182283e-01
5.174999999999999600e-01 -6.202555070194470943e-01
5.200000000000000178e-01 -6.221547531588518254e-01
5.224999999999999645e-01 -6.237580041023513822e-01
5.250000000000000222e-01 -6.251471450113634809e-01
5.274999999999999689e-01 -6.265198473042911109e-01
5.300000000000000266e-01 -6.280054787608886357e-01
5.324999999999999734e-01 -6.293870732705115767e-01
5.350000000000000311e-01 -6.305142969493036098e-01
5.374999999999999778e-01 -6.313509056374327910e-01
5.400000000000000355e-01 -6.319399952679564114e-01
5.424999999999999822e-01 -6.323816598268856559e-01
5.450000000000000400e-01 -6.328181929380278792e-01
5.474999999999999867e-01 -6.334239519906896820e-01
5.500000000000000444e-01 -6.343981172794705969e-01
5.524999999999999911e-01 -6.358983513134598420e-01
5.550000000000000488e-01 -6.374764278870282963e-01
5.574999999999999956e-01 -6.390244845841451804e-01
5.600000000000000533e-01 -6.405731843571365047e-01
5.625000000000000000e-01 -6.421430912407339875e-01
5.649999999999999467e-01 -6.437465482878121925e-01
5.675000000000000044e-01 -6.453891385943456571e-01
5.700000000000000622e-01 -6.470708353320853146e-01
5.725000000000000089e-01 -6.487869166413036126e-01
5.749999999999999556e-01 -6.505287003958785119e-01
5.775000000000000133e-01 -6.522841391966395230e-01
5.799999999999999600e-01 -6.540383055017512381e-01
5.825000000000000178e-01 -6.557765387584969519e-01
5.849999999999999645e-01 -6.575262775929040515e-01
5.875000000000000222e-01 -6.593125661778238555e-01
5.899999999999999689e-01 -6.611495402259953691e-01
5.925000000000000266e-01 -6.630486562577906362e-01
5.949999999999999734e-01 -6.650190243656959321e-01
5.975000000000000311e-01 -6.670676899354341938e-01
5.999999999999999778e-01 -6.691998736186900443e-01
6.025000000000000355e-01 -6.714191769667209320e-01
6.049999999999999822e-01 -6.737277596662487600e-01
6.075000000000000400e-01 -6.761264931685141422e-01
6.099999999999999867e-01 -6.786150945946242130e-01
6.125000000000000444e-01 -6.811922440795160627e-01
6.149999999999999911e-01 -6.838556881409373345e-01
6.175000000000000488e-01 -6.866023311969308152e-01
6.199999999999999956e-01 -6.894283169810505596e-01
6.225000000000000533e-01 -6.923291013002841332e-01
6.250000000000000000e-01 -6.952995173319663769e-01
6.274999999999999467e-01 -6.983338344516929475e-01
6.300000000000000044e-01 -7.014258114156259882e-01
6.325000000000000622e-01 -7.045687445808305194e-01
6.350000000000000089e-01 -7.077949168031887339e-01
6.374999999999999556e-01 -7.111631914482966499e-01
6.400000000000000133e-01 -7.146726793013777890e-01
6.425000000000000711e-01 -7.183228394516660842e-01
6.450000000000000178e-01 -7.221142065023317125e-01
6.474999999999999645e-01 -7.260482850825024093e-01
6.500000000000000222e-01 -7.301274516501476963e-01
6.524999999999999689e-01 -7.343548625791478379e-01
6.550000000000000266e-01 -7.387343676252680069e-01
6.574999999999999734e-01 -7.432704279568369543e-01
6.600000000000000311e-01 -7.479680380183332256e-01
6.624999999999999778e-01 -7.528326505702116478e-01
6.650000000000000355e-01 -7.578701043175400942e-01
6.674999999999999822e-01 -7.630865536045442488e-01
6.700000000000000400e-01 -7.684883997131365385e-01
6.724999999999999867e-01 -7.740822233619043535e-01
6.750000000000000444e-01 -7.798747180588875283e-01
6.774999999999999911e-01 -7.858726240175302191e-01
6.799999999999999378e-01 -7.920826624013436179e-01
6.824999999999999956e-01 -7.985114697196348255e-01
6.850000000000000533e-01 -8.051655322548063598e-01
6.875000000000000000e-01 -8.120511204616343015e-01
6.899999999999999467e-01 -8.191742233409012863e-01
6.925000000000000044e-01 -8.265404828540166005e-01
6.950000000000000622e-01 -8.341551285117287939e-01
6.975000000000000089e-01 -8.420229123385497561e-01
6.999999999999999556e-01 -8.501480444845823659e-01
7.025000000000000133e-01 -8.585341298273835298e-01
7.050000000000000711e-01 -8.671841059773084393e-01
7.075000000000000178e-01 -8.761001831691975772e-01
7.099999999999999645e-01 -8.852837865897039693e-01
7.125000000000000222e-01 -8.947355017511842146e-01
7.149999999999999689e-01 -9.044550235777641944e-01
7.175000000000000266e-01 -9.144411099146435573e-01
7.199999999999999734e-01 -9.245938216598271753e-01
7.225000000000000311e-01 -9.347609191251614602e-01
7.249999999999999778e-01 -9.450045016488353156e-01
7.275000000000000355e-01 -9.553837914204010850e-01
7.299999999999999822e-01 -9.659499501352120099e-01
7.325000000000000400e-01 -9.767463311598751918e-01
7.349999999999999867e-01 -9.878087155511628970e-01
7.375000000000000444e-01 -9.991655423125702651e-01
7.399999999999999911e-01 -1.010838142678630369e+00
7.424999999999999378e-01 -1.022840987424646908e+00
7.449999999999999956e-01 -1.035181955205026538e+00
7.475000000000000533e-01 -1.047862628720206857e+00
7.500000000000000000e-01 -1.060878624098492207e+00
7.524999999999999467e-01 -1.074219957265011516e+00
7.550000000000000044e-01 -1.087871449282264535e+00
7.575000000000000622e-01 -1.101813170731259062e+00
7.600000000000000089e-01 -1.116020923224425587e+00
7.624999999999999556e-01 -1.130466754183362399e+00
7.650000000000000133e-01 -1.145119499169664712e+00
7.675000000000000711e-01 -1.159945344423471969e+00
7.700000000000000178e-01 -1.174908400935270159e+00
7.724999999999999645e-01 -1.189971280431741052e+00
7.750000000000000222e-01 -1.205095663154055696e+00
7.775000000000000799e-01 -1.220242847276806542e+00
7.800000000000000266e-01 -1.235374270255859885e+00
7.824999999999999734e-01 -1.250451993269937390e+00
7.850000000000000311e-01 -1.265439141170962234e+00
7.875000000000000888e-01 -1.280300291896514953e+00
7.900000000000000355e-01 -1.295001811023685612e+00
7.924999999999999822e-01 -1.309512128951032084e+00
7.949999999999999289e-01 -1.323801959981391940e+00
7.974999999999999867e-01 -1.337844464251094712e+00
8.000000000000000444e-01 -1.351615354935964852e+00
8.024999999999999911e-01 -1.365092954407300940e+00
8.049999999999999378e-01 -1.378258203979678020e+00
8.074999999999999956e-01 -1.391094632575948342e+00
8.100000000000000533e-01 -1.403588290040796327e+00
8.125000000000000000e-01 -1.415727650985055819e+00
8.149999999999999467e-01 -1.427503494971792408e+00
8.175000000000000044e-01 -1.438908768601443899e+00
8.200000000000000622e-01 -1.449938434659080455e+00
8.225000000000000089e-01 -1.460589312993443079e+00
8.249999999999999556e-01 -1.470859917243065196e+00
8.275000000000000133e-01 -1.480750290942851821e+00
8.300000000000000711e-01 -1.490261845962757459e+00
8.325000000000000178e-01 -1.499397205670356392e+00
8.349999999999999645e-01 -1.508160054687109675e+00
8.375000000000000222e-01 -1.516554996634667196e+00
8.400000000000000799e-01 -1.524587420848758423e+00
8.425000000000000266e-01 -1.532263378676467447e+00
8.449999999999999734e-01 -1.539589469667518751e+00
8.475000000000000311e-01 -1.546572737718903801e+00
8.500000000000000888e-01 -1.553220577030701932e+00
8.525000000000000355e-01 -1.559540647574245043e+00
8.549999999999999822e-01 -1.565540799656442328e+00
8.574999999999999289e-01 -1.571229007080570339e+00
8.599999999999999867e-01 -1.576613308348866260e+00
8.625000000000000444e-01 -1.581701755320764180e+00
8.649999999999999911e-01 -1.586502368728158530e+00
8.674999999999999378e-01 -1.591020123108057405e+00
8.699999999999999956e-01 -1.595219183850569378e+00
8.725000000000000533e-01 -1.599082304202958715e+00
8.750000000000000000e-01 -1.602603455076555328e+00
8.774999999999999467e-01 -1.605776352331704127e+00
8.800000000000000044e-01 -1.608594358803488999e+00
8.825000000000000622e-01 -1.611050384105046307e+00
8.850000000000000089e-01 -1.613136782078740339e+00
8.874999999999999556e-01 -1.614845245473253366e+00
8.900000000000000133e-01 -1.616166697172756406e+00
8.925000000000000711e-01 -1.617091177083854525e+00
8.950000000000000178e-01 -1.617607723588191160e+00
8.974999999999999645e-01 -1.617704248285193991e+00
9.000000000000000222e-01 -1.617367402573026691e+00
9.025000000000000799e-01 -1.616582434439777671e+00
9.050000000000000266e-01 -1.615333033655663941e+00
9.074999999999999734e-01 -1.613601163366000346e+00
9.100000000000000311e-01 -1.611366875880544169e+00
9.125000000000000888e-01 -1.608608110235613564e+00
9.150000000000000355e-01 -1.605300468871052599e+00
9.174999999999999822e-01 -1.601416970516986060e+00
9.199999999999999289e-01 -1.596927776131162213e+00
9.224999999999999867e-01 -1.591799884476980065e+00
9.250000000000000444e-01 -1.585996793702326046e+00
9.274999999999999911e-01 -1.579478125096889896e+00
9.299999999999999378e-01 -1.572199205111075138e+00
9.324999999999999956e-01 -1.564110601772395581e+00
9.350000000000000533e-01 -1.555157611921581751e+00
9.375000000000000000e-01 -1.545279696333920372e+00
9.399999999999999467e-01 -1.534409860966497563e+00
9.425000000000000044e-01 -1.522473984524080448e+00
9.450000000000000622e-01 -1.509390095605323445e+00
9.475000000000000089e-01 -1.495067607342730698e+00
9.499999999999999556e-01 -1.479406524313880089e+00
9.525000000000000133e-01 -1.462296646413462797e+00
9.550000000000000711e-01 -1.443616808418954678e+00
9.575000000000000178e-01 -1.423234213516388014e+00
9.599999999999999645e-01 -1.401003945700906028e+00
9.625000000000000222e-01 -1.376768781523378671e+00
9.650000000000000799e-01 -1.350359467823499582e+00
9.675000000000000266e-01 -1.321595689939001783e+00
9.699999999999999734e-01 -1.290288023825446162e+00
9.725000000000000311e-01 -1.256241241615083881e+00
9.750000000000000888e-01 -1.219259413460816344e+00
9.775000000000000355e-01 -1.179153299590220305e+00
9.799999999999999822e-01 -1.135750522345694513e+00
9.824999999999999289e-01 -1.088886984526075130e+00
9.849999999999999867e-01 -1.038404279302627575e+00
9.875000000000000444e-01 -9.844327675838481229e-01
9.899999999999999911e-01 -9.272490461451192711e-01
9.924999999999999378e-01 -8.672612018203762485e-01
9.949999999999999956e-01 -8.050094239835520193e-01
9.975000000000000533e-01 -7.411523338207702816e-01
1.000000000000000000e+00 -6.764380943272021440e-01
1.002499999999999947e+00 -6.116625816246393788e-01
1.004999999999999893e+00 -5.476201177785094965e-01
1.007500000000000062e+00 -4.850542807101499432e-01
1.010000000000000009e+00 -4.246162774848370458e-01
1.012499999999999956e+00 -3.668363052415172798e-01
1.015000000000000124e+00 -3.121100866774887406e-01
1.017500000000000071e+00 -2.606995620343820486e-01
1.020000000000000018e+00 -2.127444931364138592e-01
1.022499999999999964e+00 -1.682808356418898643e-01
1.024999999999999911e+00 -1.272619654238408282e-01
1.027499999999999858e+00 -8.957973596225420054e-02
1.030000000000000027e+00 -5.508343171382504289e-02
1.032499999999999973e+00 -2.359565507104173510e-02
1.035000000000000142e+00 5.075098150645851805e-03
1.037500000000000089e+00 3.112497234559961218e-02
1.040000000000000036e+00 5.474796525784684370e-02
1.042499999999999982e+00 7.613131578361434504e-02
1.044999999999999929e+00 9.545257703376217040e-02
1.047499999999999876e+00 1.128779459244179106e-01
1.050000000000000044e+00 1.285614971222185099e-01
1.052499999999999991e+00 1.426450449366293005e-01
1.055000000000000160e+00 1.552584236623816838e-01
1.057500000000000107e+00 1.665200321048796450e-01
1.060000000000000053e+00 1.765375315917245835e-01
1.062500000000000000e+00 1.854086200327018374e-01
1.064999999999999947e+00 1.932218293376290197e-01
1.067499999999999893e+00 2.000573115273081848e-01
1.070000000000000062e+00 2.059875917552221325e-01
1.072500000000000009e+00 2.110782754949860063e-01
1.075000000000000178e+00 2.153887033643592797e-01
1.077500000000000124e+00 2.189725512338861202e-01
1.080000000000000071e+00 2.218783759933172228e-01
1.082500000000000018e+00 2.241501090535710505e-01
1.084999999999999964e+00 2.258275006598299273e-01
1.087499999999999911e+00 2.269465186077378460e-01
1.089999999999999858e+00 2.275397051497089207e-01
1.092500000000000027e+00 2.276364958647618397e-01
1.094999999999999973e+00 2.272713973215129968e-01
1.097500000000000142e+00 2.264953016117729201e-01
1.100000000000000089e+00 2.253495776108556670e-01
1.102500000000000036e+00 2.238710918675484163e-01
1.104999999999999982e+00 2.220929858987727712e-01
1.107499999999999929e+00 2.200451161730531680e-01
1.109999999999999876e+00 2.177544345785064894e-01
1.112500000000000044e+00 2.152453183028967543e-01
1.114999999999999991e+00 2.125398566113796961e-01
1.117500000000000160e+00 2.096581008096872201e-01
1.120000000000000107e+00 2.066182826847608456e-01
1.122500000000000053e+00 2.034370058862354780e-01
1.125000000000000000e+00 2.001294140217037276e-01
1.127499999999999947e+00 1.967093386623427198e-01
1.129999999999999893e+00 1.931894299735262555e-01
1.132500000000000062e+00 1.895812722812099116e-01
1.135000000000000009e+00 1.858954865457833061e-01
1.137500000000000178e+00 1.821418214297407800e-01
1.140000000000000124e+00 1.783292344048905131e-01
1.142500000000000071e+00 1.744659641414028073e-01
1.145000000000000018e+00 1.705595952487034550e-01
1.147499999999999964e+00 1.666171162919002080e-01
1.149999999999999911e+00 1.626449718829302005e-01
1.152499999999999858e+00 1.586491095394316486e-01
1.155000000000000027e+00 1.546350219135706749e-01
1.157499999999999973e+00 1.506077849153069359e-01
1.160000000000000142e+00 1.465720921878135852e-01
1.162500000000000089e+00 1.425322863353568892e-01
1.165000000000000036e+00 1.384923872544002177e-01
1.167499999999999982e+00 1.344561178759473563e-01
1.169999999999999929e+00 1.304269275900842018e-01
1.172499999999999876e+00 1.264080135915709724e-01
1.175000000000000044e+00 1.224023403574096419e-01
1.177499999999999991e+00 1.184126574430047207e-01
1.180000000000000160e+00 1.144415157623151769e-01
1.182500000000000107e+00 1.104912824988676795e-01
1.185000000000000053e+00 1.065641547782460730e-01
1.187500000000000000e+00 1.026621722184488522e-01
1.189999999999999947e+00 9.878722846196952290e-02
1.192499999999999893e+00 9.494108178244621554e-02
1.195000000000000062e+00 9.112536484900356226e-02
1.197500000000000009e+00 8.734159372282798706e-02
1.200000000000000178e+00 8.359117615291293546e-02
1.202500000000000124e+00 7.987541923119870213e-02
1.205000000000000071e+00 7.619553646132874725e-02
1.207500000000000018e+00 7.255265428996082733e-02
1.209999999999999964e+00 6.894781814482088544e-02
1.212499999999999911e+00 6.538199801948196832e-02
1.214999999999999858e+00 6.185609364107972491e-02
1.217500000000000027e+00 5.837093925381016402e-02
1.219999999999999973e+00 5.492730804804209915e-02
1.222500000000000142e+00 5.152591626216445481e-02
1.225000000000000089e+00 4.816742698187239519e-02
1.227500000000000036e+00 4.485245365940194323e-02
1.229999999999999982e+00 4.158156337326709279e-02
1.232499999999999929e+00 3.835527984727359063e-02
1.234999999999999876e+00 3.517408677105898773e-02
1.237500000000000044e+00 3.203977123836071472e-02
1.239999999999999991e+00 2.895296770651245577e-02
1.242500000000000160e+00 2.591260324501925075e-02
1.245000000000000107e+00 2.291764703378660478e-02
1.247500000000000053e+00 1.996710814896327305e-02
1.250000000000000000e+00 1.706003348443983075e-02
1.252499999999999947e+00 1.419550579948038876e-02
1.254999999999999893e+00 1.137264188372110081e-02
1.257500000000000062e+00 8.590590831450665640e-03
1.260000000000000009e+00 5.848532417715562697e-03
1.262500000000000178e+00 3.145675569360250907e-03
1.265000000000000124e+00 4.812569246447635351e-04
1.267500000000000071e+00 -2.145460524451031289e-03
1.270000000000000018e+00 -4.735188712675384402e-03
1.272499999999999964e+00 -7.288615709750602932e-03
1.274999999999999911e+00 -9.806406861087095875e-03
1.277499999999999858e+00 -1.228920586529834436e-02
1.280000000000000027e+00 -1.473763579253626645e-02
1.282499999999999973e+00 -1.715230004737938740e-02
1.285000000000000142e+00 -1.953378327974298473e-02
1.287500000000000089e+00 -2.188265224703141859e-02
1.290000000000000036e+00 -2.419945663053739426e-02
1.292499999999999982e+00 -2.648472980887421960e-02
1.294999999999999929e+00 -2.873898959104523310e-02
1.297499999999999876e+00 -3.096273891157180769e-02
1.300000000000000044e+00 -3.315646648994062529e-02
1.302499999999999991e+00 -3.532064745647750525e-02
1.305000000000000160e+00 -3.745574394661845691e-02
1.307500000000000107e+00 -3.956220566541256839e-02
1.310000000000000053e+00 -4.164047042398053011e-02
1.312500000000000000e+00 -4.369096464952981068e-02
1.314999999999999947e+00 -4.571410387043454981e-02
1.317499999999999893e+00 -4.771029317778473916e-02
1.320000000000000062e+00 -4.967992766472367760e-02
1.322500000000000009e+00 -5.162339284480794988e-02
1.325000000000000178e+00 -5.354106505054981313e-02
1.327500000000000124e+00 -5.543331181322365409e-02
1.330000000000000071e+00 -5.730049222496149536e-02
1.332500000000000018e+00 -5.914295728408858893e-02
1.334999999999999964e+00 -6.096105022460142353e-02
1.337499999999999911e+00 -6.275510683063133255e-02
1.339999999999999858e+00 -6.452545573668781731e-02
1.342500000000000027e+00 -6.627241871442803023e-02
1.344999999999999973e+00 -6.799631094665505027e-02
1.347500000000000142e+00 -6.969744128920847548e-02
1.350000000000000089e+00 -7.137611252136524809e-02
1.352500000000000036e+00 -7.303262158534434834e-02
1.354999999999999982e+00 -7.466725981546236401e-02
1.357499999999999929e+00 -7.628031315746582053e-02
1.359999999999999876e+00 -7.787206237852965784e-02
1.362500000000000044e+00 -7.944278326838799531e-02
1.364999999999999991e+00 -8.099274683203397385e-02
1.367500000000000160e+00 -8.252221947440457894e-02
1.370000000000000107e+00 -8.403146317743862004e-02
1.372500000000000053e+00 -8.552073566988117881e-02
1.375000000000000000e+00 -8.699029059017981957e-02
1.377499999999999947e+00 -8.844037764280737735e-02
1.379999999999999893e+00 -8.987124274831988224e-02
1.382500000000000062e+00 -9.128312818744883927e-02
1.385000000000000009e+00 -9.267627273950543310e-02
1.387500000000000178e+00 -9.405091181536479050e-02
1.390000000000000124e+00 -9.540727758527793589e-02
1.392500000000000071e+00 -9.674559910175421773e-02
1.395000000000000018e+00 -9.806610241773519587e-02
1.397499999999999964e+00 -9.936901070027823191e-02
1.399999999999999911e+00 -1.006545443399499556e-01
1.402499999999999858e+00 -1.019229210561247712e-01
1.405000000000000027e+00 -1.031743559983691744e-01
1.407499999999999973e+00 -1.044090618440862012e-01
1.410000000000000142e+00 -1.056272488925870529e-01
1.412500000000000089e+00 -1.068291251557425964e-01
1.415000000000000036e+00 -1.080148964453670618e-01
1.417499999999999982e+00 -1.091847664574742971e-01
1.419999999999999929e+00 -1.103389368535402232e-01
1.422499999999999876e+00 -1.114776073389008859e-01
1.425000000000000044e+00 -1.126009757384075077e-01
1.427499999999999991e+00 -1.137092380694527394e-01
1.430000000000000160e+00 -1.148025886124817013e-01
1.432500000000000107e+00 -1.158812199790882902e-01
1.435000000000000053e+00 -1.169453231778016661e-01
1.437500000000000000e+00 -1.179950876776534319e-01
1.439999999999999947e+00 -1.190307014696192073e-01
1.442499999999999893e+00 -1.200523511260201820e-01
1.445000000000000062e+00 -1.210602218579664158e-01
1.447500000000000009e+00 -1.220544975709208779e-01
1.450000000000000178e+00 -1.230353609184598740e-01
1.452500000000000124e+00 -1.240029933542989155e-01
1.455000000000000071e+00 -1.249575751826552256e-01
1.457500000000000018e+00 -1.258992856070095534e-01
1.459999999999999964e+00 -1.268283027773298155e-01
1.462499999999999911e+00 -1.277448038358168780e-01
1.464999999999999858e+00 -1.286489649612272412e-01
1.467500000000000027e+00 -1.295409614118284980e-01
1.469999999999999973e+00 -1.304209675670372492e-01
1.472500000000000142e+00 -1.312891569677904768e-01
1.475000000000000089e+00 -1.321457023556959487e-01
1.477500000000000036e+00 -1.329907757110080357e-01
1.479999999999999982e+00 -1.338245482894704630e-01
1.482499999999999929e+00 -1.346471906580683220e-01
1.484999999999999876e+00 -1.354588727297281470e-01
1.487500000000000044e+00 -1.362597637970038023e-01
1.489999999999999991e+00 -1.370500325647831807e-01
1.492500000000000160e+00 -1.378298471820526838e-01
1.495000000000000107e+00 -1.385993752727484041e-01
1.497500000000000053e+00 -1.393587839657300098e-01
1.500000000000000000e+00 -1.401082399239038379e-01
1.502499999999999947e+00 -1.408479093725254483e-01
1.505000000000000115e+00 -1.415779581267103959e-01
1.507500000000000062e+00 -1.422985516181773658e-01
1.510000000000000009e+00 -1.430098549212510672e-01
1.512499999999999956e+00 -1.437120327781475915e-01
1.515000000000000124e+00 -1.444061008654828338e-01
1.517500000000000071e+00 -1.451072485077837260e-01
1.520000000000000018e+00 -1.458200754407827093e-01
1.522499999999999964e+00 -1.465433571494234588e-01
1.524999999999999911e+00 -1.472758998238947181e-01
1.527500000000000080e+00 -1.480165396686358437e-01
1.530000000000000027e+00 -1.487641422337944164e-01
1.532499999999999973e+00 -1.495176017681607017e-01
1.534999999999999920e+00 -1.502758405926419016e-01
1.537500000000000089e+00 -1.510378084933862719e-01
1.540000000000000036e+00 -1.518024821337032315e-01
1.542499999999999982e+00 -1.525688644839690022e-01
1.544999999999999929e+00 -1.533359842687436470e-01
1.547500000000000098e+00 -1.541028954303619580e-01
1.550000000000000044e+00 -1.548686766082990884e-01
1.552499999999999991e+00 -1.556324306336437091e-01
1.554999999999999938e+00 -1.563932840380451716e-01
1.557500000000000107e+00 -1.571503865765344066e-01
1.560000000000000053e+00 -1.579029107636472917e-01
1.562500000000000000e+00 -1.586500514223098957e-01
1.564999999999999947e+00 -1.593910252449720899e-01
1.567500000000000115e+00 -1.601250703665036412e-01
1.570000000000000062e+00 -1.608514459483923187e-01
1.572500000000000009e+00 -1.615694317738090580e-01
1.574999999999999956e+00 -1.622783278531264306e-01
1.577500000000000124e+00 -1.629774540395015625e-01
1.580000000000000071e+00 -1.636661496541541860e-01
1.582500000000000018e+00 -1.643437731209921593e-01
1.584999999999999964e+00 -1.650097016102534397e-01
1.587500000000000133e+00 -1.656633306908550374e-01
1.590000000000000080e+00 -1.663040739911539889e-01
1.592500000000000027e+00 -1.669313628678431582e-01
1.594999999999999973e+00 -1.675446460827194062e-01
1.597499999999999920e+00 -1.681433894870769385e-01
1.600000000000000089e+00 -1.687270757134912702e-01
1.602500000000000036e+00 -1.692952038747734256e-01
1.604999999999999982e+00 -1.698472892698854042e-01
1.607499999999999929e+00 -1.703828630966197633e-01
1.610000000000000098e+00 -1.709014721708562445e-01
1.612500000000000044e+00 -1.714026786522193091e-01
1.614999999999999991e+00 -1.718860597759702680e-01
1.617499999999999938e+00 -1.723512075909739427e-01
1.620000000000000107e+00 -1.727977287035915022e-01
1.622500000000000053e+00 -1.732252440273563954e-01
1.625000000000000000e+00 -1.736333885382982667e-01
1.627499999999999947e+00 -1.740218110357864001e-01
1.630000000000000115e+00 -1.743901739087702629e-01
1.632500000000000062e+00 -1.747381529072998818e-01
1.635000000000000009e+00 -1.750654369192157500e-01
1.637499999999999956e+00 -1.753717277519006301e-01
1.640000000000000124e+00 -1.756567399189911394e-01
1.642500000000000071e+00 -1.759202004319524171e-01
1.645000000000000018e+00 -1.761618485964193959e-01
1.647499999999999964e+00 -1.763814358132159421e-01
1.650000000000000133e+00 -1.765787253839629645e-01
1.652500000000000080e+00 -1.767534923211908360e-01
1.655000000000000027e+00 -1.769055231628741953e-01
1.657499999999999973e+00 -1.770346157913088858e-01
1.659999999999999920e+00 -1.771405792562529002e-01
1.662500000000000089e+00 -1.772232336022559473e-01
1.665000000000000036e+00 -1.772824097001028942e-01
1.667499999999999982e+00 -1.773179490822986148e-01
1.669999999999999929e+00 -1.773297037825216083e-01
1.672500000000000098e+00 -1.773175361789778859e-01
1.675000000000000044e+00 -1.772813188415838237e-01
1.677499999999999991e+00 -1.772209343829104500e-01
1.679999999999999938e+00 -1.771362753128212508e-01
1.682500000000000107e+00 -1.770272438967362971e-01
1.685000000000000053e+00 -1.768937520174553857e-01
1.687500000000000000e+00 -1.767357210404752188e-01
1.689999999999999947e+00 -1.765530816827333149e-01
1.692500000000000115e+00 -1.763457738847137302e-01
1.695000000000000062e+00 -1.761137466858495593e-01
1.697500000000000009e+00 -1.758569581031557416e-01
1.699999999999999956e+00 -1.755753750130280288e-01
1.702500000000000124e+00 -1.752689730361424447e-01
1.705000000000000071e+00 -1.749377364253902056e-01
1.707500000000000018e+00 -1.745816579567827931e-01
1.709999999999999964e+00 -1.742007388232628406e-01
1.712500000000000133e+00 -1.737949885313534448e-01
1.715000000000000080e+00 -1.733644248005840049e-01
1.717500000000000027e+00 -1.729090734656235362e-01
1.719999999999999973e+00 -1.724289683810590335e-01
1.722499999999999920e+00 -1.719241513287513567e-01
1.725000000000000089e+00 -1.713946719277042174e-01
1.727500000000000036e+00 -1.708405875463810397e-01
1.729999999999999982e+00 -1.702619632174020570e-01
1.732499999999999929e+00 -1.696588715545590542e-01
1.735000000000000098e+00 -1.690313926720795334e-01
1.737500000000000044e+00 -1.683796141060764917e-01
1.739999999999999991e+00 -1.677036307381183367e-01
1.742499999999999938e+00 -1.670035447208518820e-01
1.745000000000000107e+00 -1.662794654056164723e-01
1.747500000000000053e+00 -1.655315092719816805e-01
1.750000000000000000e+00 -1.647597998591445179e-01
1.752499999999999947e+00 -1.639644676991238170e-01
1.755000000000000115e+00 -1.631456502516847595e-01
1.757500000000000062e+00 -1.623034918409325122e-01
1.760000000000000009e+00 -1.614381435935106079e-01
1.762499999999999956e+00 -1.605497633783419809e-01
1.765000000000000124e+00 -1.596385157478503736e-01
1.767500000000000071e+00 -1.587045718806015249e-01
1.770000000000000018e+00 -1.577481095253019383e-01
1.772499999999999964e+00 -1.567693129460969725e-01
1.775000000000000133e+00 -1.557683728691083291e-01
1.777500000000000080e+00 -1.547454864301528177e-01
1.780000000000000027e+00 -1.537008571235850551e-01
1.782499999999999973e+00 -1.526346947522077002e-01
1.784999999999999920e+00 -1.515472153781951548e-01
1.787500000000000089e+00 -1.504386412749747215e-01
1.790000000000000036e+00 -1.493092008800144255e-01
1.792499999999999982e+00 -1.481591287484645691e-01
1.794999999999999929e+00 -1.469886655076033111e-01
1.797500000000000098e+00 -1.457980578120376958e-01
1.800000000000000044e+00 -1.445875582996131448e-01
1.802499999999999991e+00 -1.433574255479839743e-01
1.804999999999999938e+00 -1.421079240318037507e-01
1.807500000000000107e+00 -1.408393240804904079e-01
1.810000000000000053e+00 -1.395519018365274644e-01
1.812500000000000000e+00 -1.382459392142608157e-01
1.814999999999999947e+00 -1.369217238591562691e-01
1.817500000000000115e+00 -1.355795491074811565e-01
1.820000000000000062e+00 -1.342197139463783828e-01
1.822500000000000009e+00 -1.328425229743012415e-01
1.824999999999999956e+00 -1.314482863617810748e-01
1.827500000000000124e+00 -1.300373198125016339e-01
1.830000000000000071e+00 -1.286099445246553508e-01
1.832500000000000018e+00 -1.271664871525599594e-01
1.834999999999999964e+00 -1.257072797685171717e-01
1.837500000000000133e+00 -1.242326598248947450e-01
1.840000000000000080e+00 -1.227429701164204495e-01
1.842500000000000027e+00 -1.212385587426728084e-01
1.844999999999999973e+00 -1.197197790707620474e-01
1.847499999999999920e+00 -1.181869896981943141e-01
1.850000000000000089e+00 -1.166405544159150320e-01
1.852500000000000036e+00 -1.150808421715307506e-01
1.854999999999999982e+00 -1.135082270327109899e-01
1.857499999999999929e+00 -1.119230881507757014e-01
1.860000000000000098e+00 -1.103258097244753655e-01
1.862500000000000044e+00 -1.087167809639750238e-01
1.864999999999999991e+00 -1.070963960550535693e-01
1.867499999999999938e+00 -1.054650541235385430e-01
1.870000000000000107e+00 -1.038231591999918962e-01
1.872500000000000053e+00 -1.021711201846738498e-01
1.875000000000000000e+00 -1.005093508128044183e-01
1.877499999999999947e+00 -9.883826962015786199e-02
1.880000000000000115e+00 -9.715829990901757307e-02
1.882500000000000062e+00 -9.546986971452739446e-02
1.885000000000000009e+00 -9.377341177147743845e-02
1.887499999999999956e+00 -9.206936348156621874e-02
1.890000000000000124e+00 -9.035816688118177009e-02
1.892500000000000071e+00 -8.864026860975145194e-02
1.895000000000000018e+00 -8.691611987870763445e-02
1.897499999999999964e+00 -8.518617644112601306e-02
1.900000000000000133e+00 -8.345089856209214618e-02
1.902500000000000080e+00 -8.171075098985509932e-02
1.905000000000000027e+00 -7.996620292783165884e-02
1.907499999999999973e+00 -7.821772800752813115e-02
1.909999999999999920e+00 -7.646580426244709017e-02
1.912500000000000089e+00 -7.471091410305120972e-02
1.915000000000000036e+00 -7.295354429286149411e-02
1.917499999999999982e+00 -7.119418592576361171e-02
1.919999999999999929e+00 -6.943333440460731920e-02
1.922500000000000098e+00 -6.767148942118063337e-02
1.925000000000000044e+00 -6.590915493764698541e-02
1.927499999999999991e+00 -6.414683916953117793e-02
1.929999999999999938e+00 -6.238505457035246199e-02
1.932500000000000107e+00 -6.062431781799435676e-02
1.935000000000000053e+00 -5.886514980291267241e-02
1.937500000000000000e+00 -5.710807561828037948e-02
1.939999999999999947e+00 -5.535362455217326255e-02
1.942500000000000115e+00 -5.360233008190201653e-02
1.945000000000000062e+00 -5.185472987060082278e-02
1.947500000000000009e+00 -5.011136576618004795e-02
1.949999999999999956e+00 -4.837278380275943090e-02
1.952500000000000124e+00 -4.663953420469753308e-02
1.955000000000000071e+00 -4.491217139333445602e-02
1.957500000000000018e+00 -4.319125399656886799e-02
1.959999999999999964e+00 -4.147734486139473958e-02
1.962500000000000133e+00 -3.977101106951890647e-02
1.965000000000000080e+00 -3.807282395619331766e-02
1.967500000000000027e+00 -3.638335913238425340e-02
1.969999999999999973e+00 -3.470319651041829656e-02
1.972499999999999920e+00 -3.303292033323367710e-02
1.975000000000000089e+00 -3.137311920737714116e-02
1.977500000000000036e+00 -2.972438613988306888e-02
1.979999999999999982e+00 -2.808731857917563801e-02
1.982499999999999929e+00 -2.646251846013669695e-02
1.985000000000000098e+00 -2.485059225348611178e-02
1.987500000000000044e+00 -2.325215101961918343e-02
1.989999999999999991e+00 -2.166781046704853789e-02
1.992499999999999938e+00 -2.009819101560586865e-02
1.995000000000000107e+00 -1.854391786455190580e-02
1.997500000000000053e+00 -1.700562106575182961e-02
2.000000000000000000e+00 -1.548393560207018613e-02
2.002499999999999947e+00 -1.397950147114637026e-02
2.004999999999999893e+00 -1.249296377470964989e-02
2.007500000000000284e+00 -1.102497281359558420e-02
2.009999999999999787e+00 -9.576184188630033206e-03
2.012500000000000178e+00 -8.147258907540658179e-03
2.015000000000000124e+00 -6.738863498075595843e-03
2.017500000000000071e+00 -5.351670127484034825e-03
2.020000000000000018e+00 -3.986356728541313142e-03
2.022499999999999964e+00 -2.643607132288107626e-03
2.025000000000000355e+00 -1.324111207656591136e-03
2.027499999999999858e+00 -2.856500816518450661e-05
2.030000000000000249e+00 1.242329074147129108e-03
2.032499999999999751e+00 2.487695187502660370e-03
2.035000000000000142e+00 3.700321695449225023e-03
2.037500000000000089e+00 4.877138790896312463e-03
2.040000000000000036e+00 6.018782395642984819e-03
2.042499999999999982e+00 7.125878528900487195e-03
2.044999999999999929e+00 8.199043515125955389e-03
2.047500000000000320e+00 9.238884187894601946e-03
2.049999999999999822e+00 1.024599808979034972e-02
2.052500000000000213e+00 1.122097366830830147e-02
2.054999999999999716e+00 1.216439046775537151e-02
2.057500000000000107e+00 1.307681931716376221e-02
2.060000000000000053e+00 1.395882251421167418e-02
2.062500000000000000e+00 1.481095400517514968e-02
2.064999999999999947e+00 1.563375956092125790e-02
2.067499999999999893e+00 1.642777694896851645e-02
2.070000000000000284e+00 1.719353610163845691e-02
2.072499999999999787e+00 1.793155928032866622e-02
2.075000000000000178e+00 1.864236123594034678e-02
2.077500000000000124e+00 1.932644936549336723e-02
2.080000000000000071e+00 1.998432386497032975e-02
2.082500000000000018e+00 2.061647787842743260e-02
2.084999999999999964e+00 2.122339764341506577e-02
2.087500000000000355e+00 2.180556263275278128e-02
2.089999999999999858e+00 2.236344569270365401e-02
2.092500000000000249e+00 2.289751317759691068e-02
2.094999999999999751e+00 2.340822508094321172e-02
2.097500000000000142e+00 2.389603516309769804e-02
2.100000000000000089e+00 2.436139107551526031e-02
2.102500000000000036e+00 2.480473448165328165e-02
2.104999999999999982e+00 2.522650117457109209e-02
2.107499999999999929e+00 2.562712119127973087e-02
2.110000000000000320e+00 2.600701892389251785e-02
2.112499999999999822e+00 2.636661322763147325e-02
2.115000000000000213e+00 2.670631752574101694e-02
2.117499999999999716e+00 2.702653991136211298e-02
2.120000000000000107e+00 2.732768324642094460e-02
2.122500000000000053e+00 2.761014525758313104e-02
2.125000000000000000e+00 2.787431862932907706e-02
2.127499999999999947e+00 2.812059109420084538e-02
2.129999999999999893e+00 2.834934552027416552e-02
2.132500000000000284e+00 2.856095999590834572e-02
2.134999999999999787e+00 2.875580791182481485e-02
2.137500000000000178e+00 2.893425804056716510e-02
2.140000000000000124e+00 2.909667461339329048e-02
2.142500000000000071e+00 2.924341739465101744e-02
2.145000000000000018e+00 2.937484175368761108e-02
2.147499999999999964e+00 2.949129873434257545e-02
2.150000000000000355e+00 2.959313512207465205e-02
2.152499999999999858e+00 2.968069350877115126e-02
2.155000000000000249e+00 2.975431235528874785e-02
2.157499999999999751e+00 2.981432605177327527e-02
2.160000000000000142e+00 2.986106497580742411e-02
2.162500000000000089e+00 2.989485554843216569e-02
2.165000000000000036e+00 2.991602028808890493e-02
2.167499999999999982e+00 2.992487786252936294e-02
2.169999999999999929e+00 2.992174313873703986e-02
2.172500000000000320e+00 2.990692723090658534e-02
2.174999999999999822e+00 2.988073754652535718e-02
2.177500000000000213e+00 2.984347783060035258e-02
2.179999999999999716e+00 2.979544820807463953e-02
2.182500000000000107e+00 2.973694522447577551e-02
2.185000000000000053e+00 2.966826188483894997e-02
2.187500000000000000e+00 2.958968769094590112e-02
2.189999999999999947e+00 2.950150867692090742e-02
2.192499999999999893e+00 2.940400744322564305e-02
2.195000000000000284e+00 2.929746318909147440e-02
2.197499999999999787e+00 2.918215174342998416e-02
2.200000000000000178e+00 2.905834559425997735e-02
2.202500000000000124e+00 2.892631391669079829e-02
2.205000000000000071e+00 2.878632259949794742e-02
2.207500000000000018e+00 2.863863427033108700e-02
2.209999999999999964e+00 2.848350831958918611e-02
2.212500000000000355e+00 2.832120092300070488e-02
2.214999999999999858e+00 2.815196506294477541e-02
2.217500000000000249e+00 2.797605054854757425e-02
2.219999999999999751e+00 2.779370403459124894e-02
2.222500000000000142e+00 2.760516903926751864e-02
2.225000000000000089e+00 2.741068596081159409e-02
2.227500000000000036e+00 2.721049209304947022e-02
2.229999999999999982e+00 2.700482163989149226e-02
2.232499999999999929e+00 2.679390572880530411e-02
2.235000000000000320e+00 2.657797242329961937e-02
2.237499999999999822e+00 2.635724673445150393e-02
2.240000000000000213e+00 2.613195063150656680e-02
2.242499999999999716e+00 2.590230305158607374e-02
2.245000000000000107e+00 2.566851990852643192e-02
2.247500000000000053e+00 2.543081410088631963e-02
2.250000000000000000e+00 2.518939551914598993e-02
2.252499999999999947e+00 2.494447105213102103e-02
2.254999999999999893e+00 2.469624459268735667e-02
2.257500000000000284e+00 2.444491704263574913e-02
2.259999999999999787e+00 2.419068631703411715e-02
2.262500000000000178e+00 2.393374734777321475e-02
2.265000000000000124e+00 2.367429208653464706e-02
2.267500000000000071e+00 2.341250950713472112e-02
2.270000000000000018e+00 2.314858560728250483e-02
2.272499999999999964e+00 2.288270340977578005e-02
2.275000000000000355e+00 2.261504296316000501e-02
2.277499999999999858e+00 2.234578134187597750e-02
2.280000000000000249e+00 2.207509264591782719e-02
2.282499999999999751e+00 2.180314800002885328e-02
2.285000000000000142e+00 2.153011555245263470e-02
2.287500000000000089e+00 2.125616047326895144e-02
2.290000000000000036e+00 2.098144495233085494e-02
2.292499999999999982e+00 2.070612819682871378e-02
2.294999999999999929e+00 2.043036642850001167e-02
2.297500000000000320e+00 2.015431288050865272e-02
2.299999999999999822e+00 1.987811779401178411e-02
2.302500000000000213e+00 1.960192841443504294e-02
2.304999999999999716e+00 1.932588898747798420e-02
2.307500000000000107e+00 1.905014075486496927e-02
2.310000000000000053e+00 1.877482194986488176e-02
2.312500000000000000e+00 1.850006779259421794e-02
2.314999999999999947e+00 1.822601048512418123e-02
2.317499999999999893e+00 1.795277920640836467e-02
2.320000000000000284e+00 1.768050010704800071e-02
2.322499999999999787e+00 1.740929630391218133e-02
2.325000000000000178e+00 1.713928787462818196e-02
2.327500000000000124e+00 1.687059185195938574e-02
2.330000000000000071e+00 1.660332221808520289e-02
2.332500000000000018e+00 1.633758989879773027e-02
2.334999999999999964e+00 1.607350275763052422e-02
2.337500000000000355e+00 1.581116558993371154e-02
2.339999999999999858e+00 1.555068011690850446e-02
2.342500000000000249e+00 1.529214497961406752e-02
2.344999999999999751e+00 1.503565573296210788e-02
2.347500000000000142e+00 1.478130483970757289e-02
2.350000000000000089e+00 1.452918166445218637e-02
2.352500000000000036e+00 1.427937246766786995e-02
2.354999999999999982e+00 1.403196039975494400e-02
2.357499999999999929e+00 1.378702549514362712e-02
2.360000000000000320e+00 1.354464466644992628e-02
2.362499999999999822e+00 1.330489169869654778e-02
2.365000000000000213e+00 1.306783724360611326e-02
2.367499999999999716e+00 1.283354881397877172e-02
2.370000000000000107e+00 1.260209077816039878e-02
2.372500000000000053e+00 1.237352435461091561e-02
2.375000000000000000e+00 1.214790760657987086e-02
2.377499999999999947e+00 1.192529543689706609e-02
2.379999999999999893e+00 1.170573958288528491e-02
2.382500000000000284e+00 1.148928861140116782e-02
2.384999999999999787e+00 1.127598791401052993e-02
2.387500000000000178e+00 1.106587970230429874e-02
2.390000000000000124e+00 1.085900300336022778e-02
2.392500000000000071e+00 1.065539365535378771e-02
2.395000000000000018e+00 1.045508430332543932e-02
2.397499999999999964e+00 1.025810439510600053e-02
2.400000000000000355e+00 1.006448017740412849e-02
2.402499999999999858e+00 9.874234692061063801e-03
2.405000000000000249e+00 9.687387772471382427e-03
2.407499999999999751e+00 9.503956040177488976e-03
2.410000000000000142e+00 9.323952901634246365e-03
2.412500000000000089e+00 9.147388545150073741e-03
2.415000000000000036e+00 8.974269938001695410e-03
2.417499999999999982e+00 8.804600823726759645e-03
2.419999999999999929e+00 8.638381719591449459e-03
2.422500000000000320e+00 8.475609914235670075e-03
2.424999999999999822e+00 8.316279465493072245e-03
2.427500000000000213e+00 8.160381198386426616e-03
2.429999999999999716e+00 8.007902703296730651e-03
2.432500000000000107e+00 7.858828334303721852e-03
2.435000000000000053e+00 7.713139207695980139e-03
2.437500000000000000e+00 7.570813200648672178e-03
2.439999999999999947e+00 7.431824950064016243e-03
2.442499999999999893e+00 7.296145851574169228e-03
2.445000000000000284e+00 7.163744058699323715e-03
2.447499999999999787e+00 7.034584482159551844e-03
2.450000000000000178e+00 6.908628789333656588e-03
2.452500000000000124e+00 6.785835403862074469e-03
2.455000000000000071e+00 6.666159505386258510e-03
2.457500000000000018e+00 6.549553029420429259e-03
2.459999999999999964e+00 6.435964667348500860e-03
2.462500000000000355e+00 6.325339866539724659e-03
2.464999999999999858e+00 6.217620830576176504e-03
2.467500000000000249e+00 6.112746519583977037e-03
2.469999999999999751e+00 6.010652650661784877e-03
2.472500000000000142e+00 5.911271698396335615e-03
2.475000000000000089e+00 5.814532895458084279e-03
2.477500000000000036e+00 5.720362233266761479e-03
2.479999999999999982e+00 5.628682462717691723e-03
2.482499999999999929e+00 5.539413094958788204e-03
2.485000000000000320e+00 5.452470402208979723e-03
2.487499999999999822e+00 5.367767418604763550e-03
2.490000000000000213e+00 5.285213941067618340e-03
2.492499999999999716e+00 5.204716530176387024e-03
2.495000000000000107e+00 5.126178511036361997e-03
2.497500000000000053e+00 5.049499974130669186e-03
2.500000000000000000e+00 4.974577776141752422e-03
2.502499999999999947e+00 4.901305540729734324e-03
2.504999999999999893e+00 4.829573659254587752e-03
2.507499999999999840e+00 4.759269291426975433e-03
2.510000000000000231e+00 4.690276365874820191e-03
2.512500000000000178e+00 4.622475580609347080e-03
2.515000000000000124e+00 4.555744403377209699e-03
2.517500000000000071e+00 4.489957071880178174e-03
2.520000000000000018e+00 4.424984593850965660e-03
2.522499999999999964e+00 4.360694746962811945e-03
2.524999999999999911e+00 4.296952078561882410e-03
2.527499999999999858e+00 4.233617905201030734e-03
2.530000000000000249e+00 4.170550311959117691e-03
2.532500000000000195e+00 4.107604151527485814e-03
2.535000000000000142e+00 4.044631043045282537e-03
2.537500000000000089e+00 3.981479370664184683e-03
2.540000000000000036e+00 3.917994281823851746e-03
2.542499999999999982e+00 3.854017685217997306e-03
2.544999999999999929e+00 3.789388248430828731e-03
2.547499999999999876e+00 3.723941395224127874e-03
2.549999999999999822e+00 3.657516293292321398e-03
2.552500000000000213e+00 3.591294464629009395e-03
2.555000000000000160e+00 3.526221649113816473e-03
2.557500000000000107e+00 3.462282435216091150e-03
2.560000000000000053e+00 3.399461514353158912e-03
2.562500000000000000e+00 3.337743681040427832e-03
2.564999999999999947e+00 3.277113833037440579e-03
2.567499999999999893e+00 3.217556971492464921e-03
2.569999999999999840e+00 3.159058201081960289e-03
2.572500000000000231e+00 3.101602730149010875e-03
2.575000000000000178e+00 3.045175870837610582e-03
2.577500000000000124e+00 2.989763039224552308e-03
2.580000000000000071e+00 2.935349755448212524e-03
2.582500000000000018e+00 2.881921643835085901e-03
2.584999999999999964e+00 2.829464433022622384e-03
2.587499999999999911e+00 2.777963956080411068e-03
2.589999999999999858e+00 2.727406150627967492e-03
2.592500000000000249e+00 2.677777058950127007e-03
2.595000000000000195e+00 2.629062828109954893e-03
2.597500000000000142e+00 2.581249710058669718e-03
2.600000000000000089e+00 2.534324061744064414e-03
2.602500000000000036e+00 2.488272345214863346e-03
2.604999999999999982e+00 2.443081127724578902e-03
2.607499999999999929e+00 2.398737081831231206e-03
2.609999999999999876e+00 2.355226985495932884e-03
2.612499999999999822e+00 2.312537722178610675e-03
2.615000000000000213e+00 2.270656280931422025e-03
2.617500000000000160e+00 2.229569756490308585e-03
2.620000000000000107e+00 2.189265349364048242e-03
2.622500000000000053e+00 2.149730365921245865e-03
2.625000000000000000e+00 2.110952218475498250e-03
2.627499999999999947e+00 2.072918425367475601e-03
2.629999999999999893e+00 2.035616611046510340e-03
2.632499999999999840e+00 1.999034506148906001e-03
2.635000000000000231e+00 1.963159947574716520e-03
2.637500000000000178e+00 1.927980878562750040e-03
2.640000000000000124e+00 1.893485348763456139e-03
2.642500000000000071e+00 1.859661514309770202e-03
2.645000000000000018e+00 1.826497637886740667e-03
2.647499999999999964e+00 1.793982088798794661e-03
2.649999999999999911e+00 1.762103343035129272e-03
2.652499999999999858e+00 1.730849983334143728e-03
2.655000000000000249e+00 1.700210699245337156e-03
2.657500000000000195e+00 1.670174287189814645e-03
2.660000000000000142e+00 1.640729650519599401e-03
2.662500000000000089e+00 1.611865799574505216e-03
2.665000000000000036e+00 1.583571851738214010e-03
2.667499999999999982e+00 1.555837031492137259e-03
2.669999999999999929e+00 1.528650670468439119e-03
2.672499999999999876e+00 1.502002207501174991e-03
2.675000000000000266e+00 1.475881188675657414e-03
2.677500000000000213e+00 1.450277267377441184e-03
2.680000000000000160e+00 1.425180204338586916e-03
2.682500000000000107e+00 1.400579867683669376e-03
2.685000000000000053e+00 1.376466232973999919e-03
2.687500000000000000e+00 1.352829383250154973e-03
2.689999999999999947e+00 1.329659509073835132e-03
2.692499999999999893e+00 1.306946908568627471e-03
2.694999999999999840e+00 1.284681987458334909e-03
2.697500000000000231e+00 1.262855259105809735e-03
2.700000000000000178e+00 1.241457344549021105e-03
2.702500000000000124e+00 1.220478972537126670e-03
2.705000000000000071e+00 1.199910979564876691e-03
2.707500000000000018e+00 1.179744309905864574e-03
2.709999999999999964e+00 1.159970015645095430e-03
2.712499999999999911e+00 1.140579256710177927e-03
2.714999999999999858e+00 1.121563300901769764e-03
2.717500000000000249e+00 1.102913523922532382e-03
2.720000000000000195e+00 1.084621409405664341e-03
2.722500000000000142e+00 1.066678548942320360e-03
2.725000000000000089e+00 1.049076642107997330e-03
2.727500000000000036e+00 1.031807496487791888e-03
2.729999999999999982e+00 1.014863027701669480e-03
2.732499999999999929e+00 9.982352594275448621e-04
2.734999999999999876e+00 9.819163234249131487e-04
2.737500000000000266e+00 9.658984595565055621e-04
2.740000000000000213e+00 9.501740158098724272e-04
2.742500000000000160e+00 9.347354483180319099e-04
2.745000000000000107e+00 9.195753213791467689e-04
2.747500000000000053e+00 9.046863074756948935e-04
2.750000000000000000e+00 8.900611872929860670e-04
2.752499999999999947e+00 8.756928497367697352e-04
2.754999999999999893e+00 8.615742919502852783e-04
2.757499999999999840e+00 8.476986193307731090e-04
2.760000000000000231e+00 8.340590455449685718e-04
2.762500000000000178e+00 8.206488925446494024e-04
2.765000000000000124e+00 8.074615905808698929e-04
2.767500000000000071e+00 7.944906782182297508e-04
2.770000000000000018e+00 7.817298023480329528e-04
2.772499999999999964e+00 7.691727182014052901e-04
2.774999999999999911e+00 7.568132893615035686e-04
2.777499999999999858e+00 7.446454877756056561e-04
2.780000000000000249e+00 7.326633937661599120e-04
2.782500000000000195e+00 7.208611960421383016e-04
2.785000000000000142e+00 7.092331917089353789e-04
2.787500000000000089e+00 6.977737862789932513e-04
2.790000000000000036e+00 6.864774936807794235e-04
2.792499999999999982e+00 6.753389362685226086e-04
2.794999999999999929e+00 6.643528448305546872e-04
2.797499999999999876e+00 6.535140585981035876e-04
2.800000000000000266e+00 6.428175252530018546e-04
2.802500000000000213e+00 6.322583009354868335e-04
2.805000000000000160e+00 6.218315502517160346e-04
2.807500000000000107e+00 6.115325462805732120e-04
2.810000000000000053e+00 6.013566705803832617e-04
2.812500000000000000e+00 5.912994131954944126e-04
2.814999999999999947e+00 5.813563726624636002e-04
2.817499999999999893e+00 5.715232560153606003e-04
2.819999999999999840e+00 5.617958787923573762e-04
2.822500000000000231e+00 5.521701650399667670e-04
2.825000000000000178e+00 5.426421473188664966e-04
2.827500000000000124e+00 5.332079667087755897e-04
2.830000000000000071e+00 5.238638728125634978e-04
2.832500000000000018e+00 5.146062237611987236e-04
2.834999999999999964e+00 5.054314862181173967e-04
2.837499999999999911e+00 4.963362353825737832e-04
2.839999999999999858e+00 4.873171549944725210e-04
2.842500000000000249e+00 4.783710373372645781e-04
2.845000000000000195e+00 4.694947832420092153e-04
2.847500000000000142e+00 4.606854020907350683e-04
2.850000000000000089e+00 4.519400118194357428e-04
2.852500000000000036e+00 4.432558389215416478e-04
2.854999999999999982e+00 4.346302184508219163e-04
2.857499999999999929e+00 4.260605940240584275e-04
2.859999999999999876e+00 4.175445178242708747e-04
2.862500000000000266e+00 4.090796506028978002e-04
2.865000000000000213e+00 4.006637616828751338e-04
2.867500000000000160e+00 3.922947289606273837e-04
2.870000000000000107e+00 3.839705389088036752e-04
2.872500000000000053e+00 3.756892865786561108e-04
2.875000000000000000e+00 3.674491756020133431e-04
2.877499999999999947e+00 3.592485181936264636e-04
2.879999999999999893e+00 3.510857351532296368e-04
2.882499999999999840e+00 3.429593558675965068e-04
2.885000000000000231e+00 3.348680183127058368e-04
2.887500000000000178e+00 3.268104690554703238e-04
2.890000000000000124e+00 3.187855632556372046e-04
2.892500000000000071e+00 3.107922646678662926e-04
2.895000000000000018e+00 3.028296456432133825e-04
2.897499999999999964e+00 2.948968871312941556e-04
2.899999999999999911e+00 2.869932786817481780e-04
2.902499999999999858e+00 2.791182184460565653e-04
2.905000000000000249e+00 2.712712131791614016e-04
2.907500000000000195e+00 2.634518782411106905e-04
2.910000000000000142e+00 2.556599375986736539e-04
2.912500000000000089e+00 2.478952238272049097e-04
2.915000000000000036e+00 2.401576781115427595e-04
2.917499999999999982e+00 2.324473502482603184e-04
2.919999999999999929e+00 2.247643986467322611e-04
2.922499999999999876e+00 2.171090903308911752e-04
2.925000000000000266e+00 2.094818009403506321e-04
2.927500000000000213e+00 2.018830147322177564e-04
2.930000000000000160e+00 1.943133245821041086e-04
2.932500000000000107e+00 1.867734319858250364e-04
2.935000000000000053e+00 1.792641470604589135e-04
2.937500000000000000e+00 1.717863885459816554e-04
2.939999999999999947e+00 1.643411838062018169e-04
2.942499999999999893e+00 1.569296688301554993e-04
2.944999999999999840e+00 1.495530882332391518e-04
2.947500000000000231e+00 1.422127952584643462e-04
2.950000000000000178e+00 1.349102517772784906e-04
2.952500000000000124e+00 1.276470282911088417e-04
2.955000000000000071e+00 1.204248039317461634e-04
2.957500000000000018e+00 1.132453664627747214e-04
2.959999999999999964e+00 1.061106122801656269e-04
2.962499999999999911e+00 9.902254641313332879e-05
2.964999999999999858e+00 9.198328252497395957e-05
2.967500000000000249e+00 8.499504291349398828e-05
2.970000000000000195e+00 7.806015851190667941e-05
2.972500000000000142e+00 7.118106888903090858e-05
2.975000000000000089e+00 6.436032224955910946e-05
2.977500000000000036e+00 5.760057543488528582e-05
2.979999999999999982e+00 5.090459392255238685e-05
2.982499999999999929e+00 4.427525182690892713e-05
2.984999999999999876e+00 3.771553189870186873e-05
2.987500000000000266e+00 3.122852552486907776e-05
2.990000000000000213e+00 2.481743272846786532e-05
2.992500000000000160e+00 1.848556216768204466e-05
2.995000000000000107e+00 1.223633113583193969e-05
2.997500000000000053e+00 6.073265559893081944e-06
3.000000000000000000e+00 -0.000000000000000000e+00
