5.000000000000000000e-01 5.144743799888500113e-02
5.024999999999999467e-01 5.144974437645360998e-02
5.050000000000000044e-01 5.145216130032825158e-02
5.074999999999999512e-01 5.145469444316731755e-02
5.100000000000000089e-01 5.145734976840739966e-02
5.124999999999999556e-01 5.146013354515822230e-02
5.150000000000000133e-01 5.146305242552971088e-02
5.174999999999999600e-01 5.146611332289625917e-02
5.200000000000000178e-01 5.146932348920523620e-02
5.224999999999999645e-01 5.147269058260542374e-02
5.250000000000000222e-01 5.147622265372295974e-02
5.274999999999999689e-01 5.147992817748021921e-02
5.300000000000000266e-01 5.148381616660782645e-02
5.324999999999999734e-01 5.148789586642965599e-02
5.350000000000000311e-01 5.149217711101020112e-02
5.374999999999999778e-01 5.149667023830549473e-02
5.400000000000000355e-01 5.150138611594021198e-02
5.424999999999999822e-01 5.150633626877700044e-02
5.450000000000000400e-01 5.151153271031835151e-02
5.474999999999999867e-01 5.151698799010596963e-02
5.500000000000000444e-01 5.152271538262696848e-02
5.524999999999999911e-01 5.152872884232221479e-02
5.550000000000000488e-01 5.153504303834353234e-02
5.574999999999999956e-01 5.154167365346556257e-02
5.600000000000000533e-01 5.154863667318716758e-02
5.625000000000000000e-01 5.155594914158431741e-02
5.649999999999999467e-01 5.156362897551155372e-02
5.675000000000000044e-01 5.157169500919904503e-02
5.700000000000000622e-01 5.158016719928940758e-02
5.725000000000000089e-01 5.158906642567050171e-02
5.749999999999999556e-01 5.159841439366991134e-02
5.775000000000000133e-01 5.160823410582502518e-02
5.799999999999999600e-01 5.161854974198414742e-02
5.825000000000000178e-01 5.162938671940835167e-02
5.849999999999999645e-01 5.164077220475455504e-02
5.875000000000000222e-01 5.165273394594357276e-02
5.899999999999999689e-01 5.166530142982957846e-02
5.925000000000000266e-01 5.167850569575548059e-02
5.949999999999999734e-01 5.169237937069913469e-02
5.975000000000000311e-01 5.170695698751651831e-02
5.999999999999999778e-01 5.172227483632069189e-02
6.025000000000000355e-01 5.173837043093456461e-02
6.049999999999999822e-01 5.175528361068770095e-02
6.075000000000000400e-01 5.177305625133333394e-02
6.099999999999999867e-01 5.179173236874817787e-02
6.125000000000000444e-01 5.181135898173596516e-02
6.149999999999999911e-01 5.183198424978606444e-02
6.175000000000000488e-01 5.185365914163960616e-02
6.199999999999999956e-01 5.187643739373101054e-02
6.225000000000000533e-01 5.190037548640098058e-02
6.250000000000000000e-01 5.192553311398565019e-02
6.274999999999999467e-01 5.195197332816334224e-02
6.300000000000000044e-01 5.197976089828899166e-02
6.325000000000000622e-01 5.200896476466743135e-02
6.350000000000000089e-01 5.203965738397338392e-02
6.374999999999999556e-01 5.207191490755046226e-02
6.400000000000000133e-01 5.210581860530636572e-02
6.425000000000000711e-01 5.214145201703480892e-02
6.450000000000000178e-01 5.217890312804463609e-02
6.474999999999999645e-01 5.221826486113737703e-02
6.500000000000000222e-01 5.225963487035286542e-02
6.524999999999999689e-01 5.230311618422218284e-02
6.550000000000000266e-01 5.234881824015504698e-02
6.574999999999999734e-01 5.239685269285729308e-02
6.600000000000000311e-01 5.244733866383533005e-02
6.624999999999999778e-01 5.250040132821414546e-02
6.650000000000000355e-01 5.255617221944729883e-02
6.674999999999999822e-01 5.261479151340472254e-02
6.700000000000000400e-01 5.267640392608699540e-02
6.724999999999999867e-01 5.274116103189328136e-02
6.750000000000000444e-01 5.280922319532450199e-02
6.774999999999999911e-01 5.288075890574366056e-02
6.799999999999999378e-01 5.295594554707980933e-02
6.824999999999999956e-01 5.303497264691833801e-02
6.850000000000000533e-01 5.311803221991340945e-02
6.875000000000000000e-01 5.320532956793817131e-02
6.899999999999999467e-01 5.329708036003126537e-02
6.925000000000000044e-01 5.339351114752685645e-02
6.950000000000000622e-01 5.349486288235363179e-02
6.975000000000000089e-01 5.360138555064472565e-02
6.999999999999999556e-01 5.371333940988224503e-02
7.025000000000000133e-01 5.383100025747842438e-02
7.050000000000000711e-01 5.395465774462983310e-02
7.075000000000000178e-01 5.408461605723174914e-02
7.099999999999999645e-01 5.422120199515965966e-02
7.125000000000000222e-01 5.436474447928981574e-02
7.149999999999999689e-01 5.451559576781606770e-02
7.175000000000000266e-01 5.467412571062430643e-02
7.199999999999999734e-01 5.484072260382226449e-02
7.225000000000000311e-01 5.501579829149184225e-02
7.249999999999999778e-01 5.519978226143848477e-02
7.275000000000000355e-01 5.539311893834223538e-02
7.299999999999999822e-01 5.559627979441729428e-02
7.325000000000000400e-01 5.580975962938186652e-02
7.349999999999999867e-01 5.603407768043514037e-02
7.375000000000000444e-01 5.626978974715082793e-02
7.399999999999999911e-01 5.651745873118886598e-02
7.424999999999999378e-01 5.677768332457154565e-02
7.449999999999999956e-01 5.705109263049740892e-02
7.475000000000000533e-01 5.733834648482089014e-02
7.500000000000000000e-01 5.764014219649485349e-02
7.524999999999999467e-01 5.795721024361418644e-02
7.550000000000000044e-01 5.829030251591890005e-02
7.575000000000000622e-01 5.864021656155679607e-02
7.600000000000000089e-01 5.900778833594132189e-02
7.624999999999999556e-01 5.939389391955924441e-02
7.650000000000000133e-01 5.979946598553011888e-02
7.675000000000000711e-01 6.022545594755176340e-02
7.700000000000000178e-01 6.067286797747119959e-02
7.724999999999999645e-01 6.114275700031112509e-02
7.750000000000000222e-01 6.163622757695347287e-02
7.775000000000000799e-01 6.215444157406511960e-02
7.800000000000000266e-01 6.269861907347978880e-02
7.824999999999999734e-01 6.327001173223238684e-02
7.850000000000000311e-01 6.386994404443385731e-02
7.875000000000000888e-01 6.449980119525830502e-02
7.900000000000000355e-01 6.516103145074009229e-02
7.924999999999999822e-01 6.585516495107557322e-02
7.949999999999999289e-01 6.658377347081759212e-02
7.974999999999999867e-01 6.734850295277493293e-02
8.000000000000000444e-01 6.815107847348361725e-02
8.024999999999999911e-01 6.899330076212566165e-02
8.049999999999999378e-01 6.987705292541837587e-02
8.074999999999999956e-01 7.080430878617560708e-02
8.100000000000000533e-01 7.177709260864187368e-02
8.125000000000000000e-01 7.279753344076875243e-02
8.149999999999999467e-01 7.386784902241082251e-02
8.175000000000000044e-01 7.499034834489345935e-02
8.200000000000000622e-01 7.616744646737533264e-02
8.225000000000000089e-01 7.740163491466879597e-02
8.249999999999999556e-01 7.869550306523727390e-02
8.275000000000000133e-01 8.005174844473536555e-02
8.300000000000000711e-01 8.147317138033784156e-02
8.325000000000000178e-01 8.296267810739081650e-02
8.349999999999999645e-01 8.452328830552116590e-02
8.375000000000000222e-01 8.615810694198321185e-02
8.400000000000000799e-01 8.787036183367900877e-02
8.425000000000000266e-01 8.966339088515029587e-02
8.449999999999999734e-01 9.154064268361251921e-02
8.475000000000000311e-01 9.350567614806080952e-02
8.500000000000000888e-01 9.556215578806578903e-02
8.525000000000000355e-01 9.771385977853876137e-02
8.549999999999999822e-01 9.996467611684724253e-02
8.574999999999999289e-01 1.023185997107212836e-01
8.599999999999999867e-01 1.047797299079496203e-01
8.625000000000000444e-01 1.073522443277915017e-01
8.649999999999999911e-01 1.100404533911073512e-01
8.674999999999999378e-01 1.128487467164755870e-01
8.699999999999999956e-01 1.157816007834180649e-01
8.725000000000000533e-01 1.188435722468020317e-01
8.750000000000000000e-01 1.220392689108142775e-01
8.774999999999999467e-01 1.253733698607724656e-01
8.800000000000000044e-01 1.288506429466630410e-01
8.825000000000000622e-01 1.324758762467596329e-01
8.850000000000000089e-01 1.362538876769711915e-01
8.874999999999999556e-01 1.401895110356635166e-01
8.900000000000000133e-01 1.442875041716297491e-01
8.925000000000000711e-01 1.485527389606600968e-01
8.950000000000000178e-01 1.529900050064213202e-01
8.974999999999999645e-01 1.576040303158526001e-01
9.000000000000000222e-01 1.623994667334161257e-01
9.025000000000000799e-01 1.673808232209380020e-01
9.050000000000000266e-01 1.725524840013042127e-01
9.074999999999999734e-01 1.779187982820855107e-01
9.100000000000000311e-01 1.834838666029065812e-01
9.125000000000000888e-01 1.892515826413443125e-01
9.150000000000000355e-01 1.952256027559224894e-01
9.174999999999999822e-01 2.014091761700558536e-01
9.199999999999999289e-01 2.078054798425142680e-01
9.224999999999999867e-01 2.144172935315492301e-01
9.250000000000000444e-01 2.212469984697740810e-01
9.274999999999999911e-01 2.282965716952738422e-01
9.299999999999999378e-01 2.355674937684512360e-01
9.324999999999999956e-01 2.430607225957431561e-01
9.350000000000000533e-01 2.507769618001114975e-01
9.375000000000000000e-01 2.587162267503535507e-01
9.399999999999999467e-01 2.668779589457419554e-01
9.425000000000000044e-01 2.752609952523033532e-01
9.450000000000000622e-01 2.838633535971845090e-01
9.475000000000000089e-01 2.926826841312039074e-01
9.499999999999999556e-01 3.017159179079587639e-01
9.525000000000000133e-01 3.109592152496052919e-01
9.550000000000000711e-01 3.204080172447566488e-01
9.575000000000000178e-01 3.300569825407625446e-01
9.599999999999999645e-01 3.398999015008669633e-01
9.625000000000000222e-01 3.499302342423490364e-01
9.650000000000000799e-01 3.601404746301549720e-01
9.675000000000000266e-01 3.705223857154977263e-01
9.699999999999999734e-01 3.810670134815611898e-01
9.725000000000000311e-01 3.917645268973855011e-01
9.750000000000000888e-01 4.026046897476728836e-01
9.775000000000000355e-01 4.135766476203824316e-01
9.799999999999999822e-01 4.246688388506598688e-01
9.824999999999999289e-01 4.358691416713192379e-01
9.849999999999999867e-01 4.471648993761734303e-01
9.875000000000000444e-01 4.585428271314168636e-01
9.899999999999999911e-01 4.699896791316344191e-01
9.924999999999999378e-01 4.814916292743252058e-01
9.949999999999999956e-01 4.930345781785950843e-01
9.975000000000000533e-01 5.046042215144280751e-01
1.000000000000000000e+00 5.161860262448968450e-01
1.002499999999999947e+00 5.277655412461622619e-01
1.004999999999999893e+00 5.393283673206490381e-01
1.007500000000000062e+00 5.508600993357783970e-01
1.010000000000000009e+00 5.623464859180452580e-01
1.012499999999999956e+00 5.737734995068208832e-01
1.015000000000000124e+00 5.851273519726029049e-01
1.017500000000000071e+00 5.963947700699742116e-01
1.020000000000000018e+00 6.075627920869280940e-01
1.022499999999999964e+00 6.186189296125883530e-01
1.024999999999999911e+00 6.295512196804236016e-01
1.027499999999999858e+00 6.403482983315093025e-01
1.030000000000000027e+00 6.509994341860890765e-01
1.032499999999999973e+00 6.614944821701308486e-01
1.035000000000000142e+00 6.718239930233174118e-01
1.037500000000000089e+00 6.819792207303017051e-01
1.040000000000000036e+00 6.919521407139578306e-01
1.042499999999999982e+00 7.017356347868441979e-01
1.044999999999999929e+00 7.113230404453506628e-01
1.047499999999999876e+00 7.207085294829105315e-01
1.050000000000000044e+00 7.298870260161564039e-01
1.052499999999999991e+00 7.388541826527950107e-01
1.055000000000000160e+00 7.476064672509228348e-01
1.057500000000000107e+00 7.561410428757706637e-01
1.060000000000000053e+00 7.644554834463206383e-01
1.062500000000000000e+00 7.725481790040561458e-01
1.064999999999999947e+00 7.804181452853684586e-01
1.067499999999999893e+00 7.880649944349741309e-01
1.070000000000000062e+00 7.954891845138034601e-01
1.072500000000000009e+00 8.026912207994849613e-01
1.075000000000000178e+00 8.096722461100553936e-01
1.077500000000000124e+00 8.164339283610714260e-01
1.080000000000000071e+00 8.229783650144631979e-01
1.082500000000000018e+00 8.293081483545989840e-01
1.084999999999999964e+00 8.354262990479073281e-01
1.087499999999999911e+00 8.413357256002204076e-01
1.089999999999999858e+00 8.470398944318672241e-01
1.092500000000000027e+00 8.525425321818075330e-01
1.094999999999999973e+00 8.578475944487025107e-01
1.097500000000000142e+00 8.629595006727081019e-01
1.100000000000000089e+00 8.678824015419995819e-01
1.102500000000000036e+00 8.726206608607938175e-01
1.104999999999999982e+00 8.771788598727061625e-01
1.107499999999999929e+00 8.815616726181413343e-01
1.109999999999999876e+00 8.857739056979853087e-01
1.112500000000000044e+00 8.898205619571538660e-01
1.114999999999999991e+00 8.937061754455476459e-01
1.117500000000000160e+00 8.974355787949263030e-01
1.120000000000000107e+00 9.010135998318217210e-01
1.122500000000000053e+00 9.044450465434081821e-01
1.125000000000000000e+00 9.077348867357832862e-01
1.127499999999999947e+00 9.108877512220219241e-01
1.129999999999999893e+00 9.139081980753775980e-01
1.132500000000000062e+00 9.168008330187521482e-01
1.135000000000000009e+00 9.195701871244622572e-01
1.137500000000000178e+00 9.222207336681613743e-01
1.140000000000000124e+00 9.247570413706817094e-01
1.142500000000000071e+00 9.271831251178233035e-01
1.145000000000000018e+00 9.295031531581705586e-01
1.147499999999999964e+00 9.317211915887185780e-01
1.149999999999999911e+00 9.338412013543233581e-01
1.152499999999999858e+00 9.358671566509566553e-01
1.155000000000000027e+00 9.378027677621547653e-01
1.157499999999999973e+00 9.396515646367321617e-01
1.160000000000000142e+00 9.414170712726561696e-01
1.162500000000000089e+00 9.431027008220171926e-01
1.165000000000000036e+00 9.447117558937564441e-01
1.167499999999999982e+00 9.462476081452966259e-01
1.169999999999999929e+00 9.477131466211844435e-01
1.172499999999999876e+00 9.491113484029833902e-01
1.175000000000000044e+00 9.504450845816097004e-01
1.177499999999999991e+00 9.517171220216273930e-01
1.180000000000000160e+00 9.529301930805564869e-01
1.182500000000000107e+00 9.540868655957714939e-01
1.185000000000000053e+00 9.551895215941949013e-01
1.187500000000000000e+00 9.562405328022719475e-01
1.189999999999999947e+00 9.572421778177349072e-01
1.192499999999999893e+00 9.581966446154286388e-01
1.195000000000000062e+00 9.591061395701475645e-01
1.197500000000000009e+00 9.599725703353996220e-01
1.200000000000000178e+00 9.607978580057996432e-01
1.202500000000000124e+00 9.615838545931565395e-01
1.205000000000000071e+00 9.623323344461187645e-01
1.207500000000000018e+00 9.630450316979611847e-01
1.209999999999999964e+00 9.637235926864174962e-01
1.212499999999999911e+00 9.643695106970886499e-01
1.214999999999999858e+00 9.649842757520787906e-01
1.217500000000000027e+00 9.655693128669318170e-01
1.219999999999999973e+00 9.661259844672782648e-01
1.222500000000000142e+00 9.666556532645984579e-01
1.225000000000000089e+00 9.671595095085082638e-01
1.227500000000000036e+00 9.676387281941617458e-01
1.229999999999999982e+00 9.680944450023734049e-01
1.232499999999999929e+00 9.685277442555897398e-01
1.234999999999999876e+00 9.689396773039904431e-01
1.237500000000000044e+00 9.693312548420821573e-01
1.239999999999999991e+00 9.697033736087542488e-01
1.242500000000000160e+00 9.700569329878659941e-01
1.245000000000000107e+00 9.703927907060115876e-01
1.247500000000000053e+00 9.707117645913636572e-01
1.250000000000000000e+00 9.710146674200446082e-01
1.252499999999999947e+00 9.713022172779397501e-01
1.254999999999999893e+00 9.715751094684297318e-01
1.257500000000000062e+00 9.718340189368801507e-01
1.260000000000000009e+00 9.720795885920768820e-01
1.262500000000000178e+00 9.723124373492242345e-01
1.265000000000000124e+00 9.725331690609216873e-01
1.267500000000000071e+00 9.727423074228914723e-01
1.270000000000000018e+00 9.729403809733593311e-01
1.272499999999999964e+00 9.731278926731270484e-01
1.274999999999999911e+00 9.733053210482098816e-01
1.277499999999999858e+00 9.734731387779647083e-01
1.280000000000000027e+00 9.736317687163487111e-01
1.282499999999999973e+00 9.737816121171956052e-01
1.285000000000000142e+00 9.739230604828307269e-01
1.287500000000000089e+00 9.740564858921803015e-01
1.290000000000000036e+00 9.741822438597743661e-01
1.292499999999999982e+00 9.743006866530619092e-01
1.294999999999999929e+00 9.744121123929642136e-01
1.297499999999999876e+00 9.745168240607758881e-01
1.300000000000000044e+00 9.746151092253870774e-01
1.302499999999999991e+00 9.747072407436506714e-01
1.305000000000000160e+00 9.747934862050089411e-01
1.307500000000000107e+00 9.748740880412146703e-01
1.310000000000000053e+00 9.749492712279554940e-01
1.312500000000000000e+00 9.750192562947643804e-01
1.314999999999999947e+00 9.750842520967629712e-01
1.317499999999999893e+00 9.751444563423578016e-01
1.320000000000000062e+00 9.752000677757989289e-01
1.322500000000000009e+00 9.752512500932297712e-01
1.325000000000000178e+00 9.752981705959151704e-01
1.327500000000000124e+00 9.753409873023259902e-01
1.330000000000000071e+00 9.753798493620547960e-01
1.332500000000000018e+00 9.754149014777919735e-01
1.334999999999999964e+00 9.754462761159564677e-01
1.337499999999999911e+00 9.754740930021033041e-01
1.339999999999999858e+00 9.754984696429928048e-01
1.342500000000000027e+00 9.755195164559776755e-01
1.344999999999999973e+00 9.755373370754966134e-01
1.347500000000000142e+00 9.755520341053552924e-01
1.350000000000000089e+00 9.755636926038012691e-01
1.352500000000000036e+00 9.755723970161831460e-01
1.354999999999999982e+00 9.755782266725262497e-01
1.357499999999999929e+00 9.755812554305955953e-01
1.359999999999999876e+00 9.755815534052091342e-01
1.362500000000000044e+00 9.755791847231024549e-01
1.364999999999999991e+00 9.755742052618349147e-01
1.367500000000000160e+00 9.755666691658694267e-01
1.370000000000000107e+00 9.755566261137307293e-01
1.372500000000000053e+00 9.755441214892791590e-01
1.375000000000000000e+00 9.755291983274578804e-01
1.377499999999999947e+00 9.755118918716982890e-01
1.379999999999999893e+00 9.754922351298258576e-01
1.382500000000000062e+00 9.754702578700904514e-01
1.385000000000000009e+00 9.754459862873040565e-01
1.387500000000000178e+00 9.754194433524585595e-01
1.390000000000000124e+00 9.753906484529530907e-01
1.392500000000000071e+00 9.753596169456879572e-01
1.395000000000000018e+00 9.753263618976505400e-01
1.397499999999999964e+00 9.752908933383348522e-01
1.399999999999999911e+00 9.752532183486469775e-01
1.402499999999999858e+00 9.752133406680825178e-01
1.405000000000000027e+00 9.751712615382139848e-01
1.407499999999999973e+00 9.751269797863947320e-01
1.410000000000000142e+00 9.750804914890863762e-01
1.412500000000000089e+00 9.750317901352948402e-01
1.415000000000000036e+00 9.749808663660557428e-01
1.417499999999999982e+00 9.749277072362664276e-01
1.419999999999999929e+00 9.748723000253386450e-01
1.422499999999999876e+00 9.748146284154620700e-01
1.425000000000000044e+00 9.747546737473236078e-01
1.427499999999999991e+00 9.746924150578363255e-01
1.430000000000000160e+00 9.746278271618858957e-01
1.432500000000000107e+00 9.745608849993681044e-01
1.435000000000000053e+00 9.744915619071953250e-01
1.437500000000000000e+00 9.744198280114636512e-01
1.439999999999999947e+00 9.743456512694702587e-01
1.442499999999999893e+00 9.742689971133602356e-01
1.445000000000000062e+00 9.741898255575514032e-01
1.447500000000000009e+00 9.741081016473439602e-01
1.450000000000000178e+00 9.740237848078090455e-01
1.452500000000000124e+00 9.739368323548823758e-01
1.455000000000000071e+00 9.738471994996773518e-01
1.457500000000000018e+00 9.737548363670743834e-01
1.459999999999999964e+00 9.736596940282329360e-01
1.462499999999999911e+00 9.735617237301631421e-01
1.464999999999999858e+00 9.734608722456109531e-01
1.467500000000000027e+00 9.733570842268184364e-01
1.469999999999999973e+00 9.732503021960675627e-01
1.472500000000000142e+00 9.731404596150640129e-01
1.475000000000000089e+00 9.730275010208380149e-01
1.477500000000000036e+00 9.729113624499748925e-01
1.479999999999999982e+00 9.727919777493555520e-01
1.482499999999999929e+00 9.726692785567900845e-01
1.484999999999999876e+00 9.725431905589010384e-01
1.487500000000000044e+00 9.724136396836192686e-01
1.489999999999999991e+00 9.722805550721959067e-01
1.492500000000000160e+00 9.721438592712765558e-01
1.495000000000000107e+00 9.720034724929638159e-01
1.497500000000000053e+00 9.718593125848851155e-01
1.500000000000000000e+00 9.717112859621475085e-01
1.502499999999999947e+00 9.715593130641152486e-01
1.505000000000000115e+00 9.714033052899897491e-01
1.507500000000000062e+00 9.712431706664762521e-01
1.510000000000000009e+00 9.710788146802854515e-01
1.512499999999999956e+00 9.709101360504446276e-01
1.515000000000000124e+00 9.707370313740909529e-01
1.517500000000000071e+00 9.705594056758268806e-01
1.520000000000000018e+00 9.703771539446959249e-01
1.522499999999999964e+00 9.701901682743495625e-01
1.524999999999999911e+00 9.699983379579735221e-01
1.527500000000000080e+00 9.698015381945344071e-01
1.530000000000000027e+00 9.695996604036715150e-01
1.532499999999999973e+00 9.693925875553289773e-01
1.534999999999999920e+00 9.691801972020835931e-01
1.537500000000000089e+00 9.689623638396470673e-01
1.540000000000000036e+00 9.687389545502352872e-01
1.542499999999999982e+00 9.685098296939714801e-01
1.544999999999999929e+00 9.682748653043609099e-01
1.547500000000000098e+00 9.680339230384598093e-01
1.550000000000000044e+00 9.677868612070217313e-01
1.552499999999999991e+00 9.675335347132670849e-01
1.554999999999999938e+00 9.672737814217480246e-01
1.557500000000000107e+00 9.670074566348938472e-01
1.560000000000000053e+00 9.667344095220773426e-01
1.562500000000000000e+00 9.664544806634103313e-01
1.564999999999999947e+00 9.661675069057392706e-01
1.567500000000000115e+00 9.658733174231868279e-01
1.570000000000000062e+00 9.655717270119270612e-01
1.572500000000000009e+00 9.652625777091636827e-01
1.574999999999999956e+00 9.649456906744955376e-01
1.577500000000000124e+00 9.646208829817704000e-01
1.580000000000000071e+00 9.642879675461916156e-01
1.582500000000000018e+00 9.639467371143231045e-01
1.584999999999999964e+00 9.635970015648407383e-01
1.587500000000000133e+00 9.632385696409411224e-01
1.590000000000000080e+00 9.628712368053172765e-01
1.592500000000000027e+00 9.624947939833395916e-01
1.594999999999999973e+00 9.621090248981870596e-01
1.597499999999999920e+00 9.617136868879078149e-01
1.600000000000000089e+00 9.613085817948520129e-01
1.602500000000000036e+00 9.608934815373533223e-01
1.604999999999999982e+00 9.604681531027582375e-01
1.607499999999999929e+00 9.600323584681020872e-01
1.610000000000000098e+00 9.595858363502729471e-01
1.612500000000000044e+00 9.591283398788876813e-01
1.614999999999999991e+00 9.586596301152886523e-01
1.617499999999999938e+00 9.581794481104305428e-01
1.620000000000000107e+00 9.576875295049763759e-01
1.622500000000000053e+00 9.571836044503015950e-01
1.625000000000000000e+00 9.566673586519746086e-01
1.627499999999999947e+00 9.561385475294301717e-01
1.630000000000000115e+00 9.555968842006318242e-01
1.632500000000000062e+00 9.550420759812580096e-01
1.635000000000000009e+00 9.544738243090808982e-01
1.637499999999999956e+00 9.538918047125013455e-01
1.640000000000000124e+00 9.532957007245413950e-01
1.642500000000000071e+00 9.526852188453045489e-01
1.645000000000000018e+00 9.520600361636230025e-01
1.647499999999999964e+00 9.514198235296117412e-01
1.650000000000000133e+00 9.507642454880852467e-01
1.652500000000000080e+00 9.500929138981683009e-01
1.655000000000000027e+00 9.494055193087972411e-01
1.657499999999999973e+00 9.487017113589653050e-01
1.659999999999999920e+00 9.479811286398633907e-01
1.662500000000000089e+00 9.472434031390517539e-01
1.665000000000000036e+00 9.464881393748452165e-01
1.667499999999999982e+00 9.457149381079463790e-01
1.669999999999999929e+00 9.449234465079959788e-01
1.672500000000000098e+00 9.441132695643935646e-01
1.675000000000000044e+00 9.432840054476706593e-01
1.677499999999999991e+00 9.424352454795835721e-01
1.679999999999999938e+00 9.415665201463067069e-01
1.682500000000000107e+00 9.406774456067992229e-01
1.685000000000000053e+00 9.397676040524169938e-01
1.687500000000000000e+00 9.388365590965801477e-01
1.689999999999999947e+00 9.378838674352200089e-01
1.692500000000000115e+00 9.369090587721677910e-01
1.695000000000000062e+00 9.359116399701730149e-01
1.697500000000000009e+00 9.348911990296118191e-01
1.699999999999999956e+00 9.338472649838037709e-01
1.702500000000000124e+00 9.327793600496251392e-01
1.705000000000000071e+00 9.316869996721995895e-01
1.707500000000000018e+00 9.305696314388450796e-01
1.709999999999999964e+00 9.294267918418784857e-01
1.712500000000000133e+00 9.282579986015917495e-01
1.715000000000000080e+00 9.270627406050369057e-01
1.717500000000000027e+00 9.258405003401106725e-01
1.719999999999999973e+00 9.245907370796193625e-01
1.722499999999999920e+00 9.233128588573502604e-01
1.725000000000000089e+00 9.220064038240514126e-01
1.727500000000000036e+00 9.206708299666941375e-01
1.729999999999999982e+00 9.193055895371367026e-01
1.732499999999999929e+00 9.179101292245103183e-01
1.735000000000000098e+00 9.164838234936424355e-01
1.737500000000000044e+00 9.150261330748705735e-01
1.739999999999999991e+00 9.135365263826583648e-01
1.742499999999999938e+00 9.120144298098502578e-01
1.745000000000000107e+00 9.104592652860332702e-01
1.747500000000000053e+00 9.088704400849325626e-01
1.750000000000000000e+00 9.072472710866701373e-01
1.752499999999999947e+00 9.055892707631278959e-01
1.755000000000000115e+00 9.038958460172628051e-01
1.757500000000000062e+00 9.021664008262333390e-01
1.760000000000000009e+00 9.004003366051321899e-01
1.762499999999999956e+00 8.985969828040158980e-01
1.765000000000000124e+00 8.967557444888436535e-01
1.767500000000000071e+00 8.948760747459066911e-01
1.770000000000000018e+00 8.929573688043792590e-01
1.772499999999999964e+00 8.909990214802053776e-01
1.775000000000000133e+00 8.890004276698625363e-01
1.777500000000000080e+00 8.869608420463752640e-01
1.780000000000000027e+00 8.848797969357808935e-01
1.782499999999999973e+00 8.827566907287732745e-01
1.784999999999999920e+00 8.805909241226292927e-01
1.787500000000000089e+00 8.783819007336148843e-01
1.790000000000000036e+00 8.761289592091423550e-01
1.792499999999999982e+00 8.738314936790454457e-01
1.794999999999999929e+00 8.714890014282028474e-01
1.797500000000000098e+00 8.691009044969288944e-01
1.800000000000000044e+00 8.666666312938142713e-01
1.802499999999999991e+00 8.641856173549585796e-01
1.804999999999999938e+00 8.616571586200867383e-01
1.807500000000000107e+00 8.590808358633609254e-01
1.810000000000000053e+00 8.564561255534542950e-01
1.812500000000000000e+00 8.537825000388387098e-01
1.814999999999999947e+00 8.510594429720604870e-01
1.817500000000000115e+00 8.482863883266321681e-01
1.820000000000000062e+00 8.454627961622374066e-01
1.822500000000000009e+00 8.425882968709664800e-01
1.824999999999999956e+00 8.396624288291988369e-01
1.827500000000000124e+00 8.366847464427776826e-01
1.830000000000000071e+00 8.336548211433787436e-01
1.832500000000000018e+00 8.305720968401535398e-01
1.834999999999999964e+00 8.274362929774251585e-01
1.837500000000000133e+00 8.242470706867353059e-01
1.840000000000000080e+00 8.210040801947477984e-01
1.842500000000000027e+00 8.177069939800848397e-01
1.844999999999999973e+00 8.143554583042886819e-01
1.847499999999999920e+00 8.109491099402479364e-01
1.850000000000000089e+00 8.074878265572271729e-01
1.852500000000000036e+00 8.039713809187725158e-01
1.854999999999999982e+00 8.003995734708401200e-01
1.857499999999999929e+00 7.967722334241644777e-01
1.860000000000000098e+00 7.930890869216986605e-01
1.862500000000000044e+00 7.893501073624878961e-01
1.864999999999999991e+00 7.855552671120533681e-01
1.867499999999999938e+00 7.817045217320168771e-01
1.870000000000000107e+00 7.777978608578611786e-01
1.872500000000000053e+00 7.738352764775134895e-01
1.875000000000000000e+00 7.698167160457299873e-01
1.877499999999999947e+00 7.657424260085895495e-01
1.880000000000000115e+00 7.616125428329078018e-01
1.882500000000000062e+00 7.574272418801442086e-01
1.885000000000000009e+00 7.531867382734250826e-01
1.887499999999999956e+00 7.488911783440380665e-01
1.890000000000000124e+00 7.445409095987282067e-01
1.892500000000000071e+00 7.401363351494324450e-01
1.895000000000000018e+00 7.356778377216932618e-01
1.897499999999999964e+00 7.311658434999133149e-01
1.900000000000000133e+00 7.266008080715770090e-01
1.902500000000000080e+00 7.219831178656046511e-01
1.905000000000000027e+00 7.173134824039150148e-01
1.907499999999999973e+00 7.125925076370853706e-01
1.909999999999999920e+00 7.078208452662249073e-01
1.912500000000000089e+00 7.029991929977785770e-01
1.915000000000000036e+00 6.981282170779061769e-01
1.917499999999999982e+00 6.932087272116329579e-01
1.919999999999999929e+00 6.882416271059780266e-01
1.922500000000000098e+00 6.832278001726198591e-01
1.925000000000000044e+00 6.781681759222358830e-01
1.927499999999999991e+00 6.730637297352335402e-01
1.929999999999999938e+00 6.679153644356360386e-01
1.932500000000000107e+00 6.627242748235921965e-01
1.935000000000000053e+00 6.574915722108097826e-01
1.937500000000000000e+00 6.522184119447334005e-01
1.939999999999999947e+00 6.469059927276780142e-01
1.942500000000000115e+00 6.415555126210673587e-01
1.945000000000000062e+00 6.361682547010296673e-01
1.947500000000000009e+00 6.307455982489273971e-01
1.949999999999999956e+00 6.252889071728892079e-01
1.952500000000000124e+00 6.197995839156252851e-01
1.955000000000000071e+00 6.142790682262420088e-01
1.957500000000000018e+00 6.087287784088540876e-01
1.959999999999999964e+00 6.031502891145762435e-01
1.962500000000000133e+00 5.975451504055234730e-01
1.965000000000000080e+00 5.919149375030078319e-01
1.967500000000000027e+00 5.862612554803977583e-01
1.969999999999999973e+00 5.805857244953723795e-01
1.972499999999999920e+00 5.748900036788623380e-01
1.975000000000000089e+00 5.691758043926905541e-01
1.977500000000000036e+00 5.634448333523015551e-01
1.979999999999999982e+00 5.576988178269634000e-01
1.982499999999999929e+00 5.519395036128715848e-01
1.985000000000000098e+00 5.461686519113867488e-01
1.987500000000000044e+00 5.403880526102574633e-01
1.989999999999999991e+00 5.345994958719196832e-01
1.992499999999999938e+00 5.288047803105347944e-01
1.995000000000000107e+00 5.230057122619941046e-01
1.997500000000000053e+00 5.172041105647303683e-01
2.000000000000000000e+00 5.114018103842561391e-01
2.002499999999999947e+00 5.056006136724267019e-01
2.004999999999999893e+00 4.998023348999562354e-01
2.007500000000000284e+00 4.940087849459269265e-01
2.009999999999999787e+00 4.882217688487620610e-01
2.012500000000000178e+00 4.824431252031649575e-01
2.015000000000000124e+00 4.766746250680449215e-01
2.017500000000000071e+00 4.709180283055197647e-01
2.020000000000000018e+00 4.651750940441747306e-01
2.022499999999999964e+00 4.594475646292168203e-01
2.025000000000000355e+00 4.537371780194244253e-01
2.027499999999999858e+00 4.480456937990924815e-01
2.030000000000000249e+00 4.423747306364997356e-01
2.032499999999999751e+00 4.367259430130633335e-01
2.035000000000000142e+00 4.311009591302740751e-01
2.037500000000000089e+00 4.255013785795315195e-01
2.040000000000000036e+00 4.199288364079616365e-01
2.042499999999999982e+00 4.143848491060942441e-01
2.044999999999999929e+00 4.088708843374825874e-01
2.047500000000000320e+00 4.033884108679923752e-01
2.049999999999999822e+00 3.979388612476530973e-01
2.052500000000000213e+00 3.925236412541740494e-01
2.054999999999999716e+00 3.871442078030518097e-01
2.057500000000000107e+00 3.818017725726433609e-01
2.060000000000000053e+00 3.764976104349778696e-01
2.062500000000000000e+00 3.712329543876173310e-01
2.064999999999999947e+00 3.660089946965999763e-01
2.067499999999999893e+00 3.608269502551623154e-01
2.070000000000000284e+00 3.556879154894314610e-01
2.072499999999999787e+00 3.505928887729574117e-01
2.075000000000000178e+00 3.455428821261554706e-01
2.077500000000000124e+00 3.405388619375744330e-01
2.080000000000000071e+00 3.355817486553459017e-01
2.082500000000000018e+00 3.306725573485095881e-01
2.084999999999999964e+00 3.258119782030887146e-01
2.087500000000000355e+00 3.210007923125119400e-01
2.089999999999999858e+00 3.162397344677571054e-01
2.092500000000000249e+00 3.115294932694082086e-01
2.094999999999999751e+00 3.068707766057186537e-01
2.097500000000000142e+00 3.022641954980628820e-01
2.100000000000000089e+00 2.977102230646168635e-01
2.102500000000000036e+00 2.932093652817427953e-01
2.104999999999999982e+00 2.887620836129873858e-01
2.107499999999999929e+00 2.843687955411443591e-01
2.110000000000000320e+00 2.800300058386652191e-01
2.112499999999999822e+00 2.757459281803056328e-01
2.115000000000000213e+00 2.715168383903267535e-01
2.117499999999999716e+00 2.673429840732130525e-01
2.120000000000000107e+00 2.632245723496313694e-01
2.122500000000000053e+00 2.591618218701798315e-01
2.125000000000000000e+00 2.551548989443269688e-01
2.127499999999999947e+00 2.512038041989878567e-01
2.129999999999999893e+00 2.473085911987620289e-01
2.132500000000000284e+00 2.434692775732993364e-01
2.134999999999999787e+00 2.396858460123892642e-01
2.137500000000000178e+00 2.359583555490940843e-01
2.140000000000000124e+00 2.322866342813977025e-01
2.142500000000000071e+00 2.286705412764098166e-01
2.145000000000000018e+00 2.251099295355225571e-01
2.147499999999999964e+00 2.216046223820948569e-01
2.150000000000000355e+00 2.181544494216037522e-01
2.152499999999999858e+00 2.147592341541915695e-01
2.155000000000000249e+00 2.114186231345159261e-01
2.157499999999999751e+00 2.081323316052371142e-01
2.160000000000000142e+00 2.049000505797071436e-01
2.162500000000000089e+00 2.017214479235241720e-01
2.165000000000000036e+00 1.985962553528785590e-01
2.167499999999999982e+00 1.955240408698259713e-01
2.169999999999999929e+00 1.925043764365703125e-01
2.172500000000000320e+00 1.895368478115884991e-01
2.174999999999999822e+00 1.866210228886947542e-01
2.177500000000000213e+00 1.837564725451096004e-01
2.179999999999999716e+00 1.809427990567343547e-01
2.182500000000000107e+00 1.781794317730982513e-01
2.185000000000000053e+00 1.754658769704082188e-01
2.187500000000000000e+00 1.728016279669671307e-01
2.189999999999999947e+00 1.701861660436485291e-01
2.192499999999999893e+00 1.676190233214386038e-01
2.195000000000000284e+00 1.650996296081866654e-01
2.197499999999999787e+00 1.626273990942322667e-01
2.200000000000000178e+00 1.602017735865917669e-01
2.202500000000000124e+00 1.578221871318429004e-01
2.205000000000000071e+00 1.554880747457633439e-01
2.207500000000000018e+00 1.531989263767514764e-01
2.209999999999999964e+00 1.509540758470428179e-01
2.212500000000000355e+00 1.487529336820493375e-01
2.214999999999999858e+00 1.465949063230010674e-01
2.217500000000000249e+00 1.444793967860716899e-01
2.219999999999999751e+00 1.424058462620939880e-01
2.222500000000000142e+00 1.403736424563179763e-01
2.225000000000000089e+00 1.383821466222264485e-01
2.227500000000000036e+00 1.364307541538930524e-01
2.229999999999999982e+00 1.345188599583688194e-01
2.232499999999999929e+00 1.326458589695329038e-01
2.235000000000000320e+00 1.308112094949247795e-01
2.237499999999999822e+00 1.290142405857022390e-01
2.240000000000000213e+00 1.272543501122735954e-01
2.242499999999999716e+00 1.255309378076692461e-01
2.245000000000000107e+00 1.238434056691413571e-01
2.247500000000000053e+00 1.221911825015575964e-01
2.250000000000000000e+00 1.205736775639606878e-01
2.252499999999999947e+00 1.189902716675731997e-01
2.254999999999999893e+00 1.174403795037416987e-01
2.257500000000000284e+00 1.159234197379715725e-01
2.259999999999999787e+00 1.144388152924654123e-01
2.262500000000000178e+00 1.129860315367060830e-01
2.265000000000000124e+00 1.115644625094715653e-01
2.267500000000000071e+00 1.101735414923208922e-01
2.270000000000000018e+00 1.088127109739474435e-01
2.272499999999999964e+00 1.074814188617504024e-01
2.275000000000000355e+00 1.061791306691027142e-01
2.277499999999999858e+00 1.049053119486318270e-01
2.280000000000000249e+00 1.036594056834484745e-01
2.282499999999999751e+00 1.024408832252863555e-01
2.285000000000000142e+00 1.012492221250596847e-01
2.287500000000000089e+00 1.000839062477664743e-01
2.290000000000000036e+00 9.894444472896694875e-02
2.292499999999999982e+00 9.783031636266981135e-02
2.294999999999999929e+00 9.674102009963783666e-02
2.297500000000000320e+00 9.567606608425727188e-02
2.299999999999999822e+00 9.463497118557200050e-02
2.302500000000000213e+00 9.361726334704095764e-02
2.304999999999999716e+00 9.262247806524989691e-02
2.307500000000000107e+00 9.165014005305234523e-02
2.310000000000000053e+00 9.069979360981916816e-02
2.312500000000000000e+00 8.977098992900443830e-02
2.314999999999999947e+00 8.886328710713239931e-02
2.317499999999999893e+00 8.797625576056135321e-02
2.320000000000000284e+00 8.710946176122916218e-02
2.322499999999999787e+00 8.626248151190811508e-02
2.325000000000000178e+00 8.543490080643996454e-02
2.327500000000000124e+00 8.462631229256331600e-02
2.330000000000000071e+00 8.383631582949956085e-02
2.332500000000000018e+00 8.306451752311498626e-02
2.334999999999999964e+00 8.231052771504922261e-02
2.337500000000000355e+00 8.157396627821195123e-02
2.339999999999999858e+00 8.085445975784845418e-02
2.342500000000000249e+00 8.015164132254916363e-02
2.344999999999999751e+00 7.946514828987663592e-02
2.347500000000000142e+00 7.879462623276980993e-02
2.350000000000000089e+00 7.813972898026375069e-02
2.352500000000000036e+00 7.750011577143493813e-02
2.354999999999999982e+00 7.687545217747476789e-02
2.357499999999999929e+00 7.626540933594250227e-02
2.360000000000000320e+00 7.566965803276776148e-02
2.362499999999999822e+00 7.508788872407953785e-02
2.365000000000000213e+00 7.451979175617144679e-02
2.367499999999999716e+00 7.396506345738740329e-02
2.370000000000000107e+00 7.342340606352008858e-02
2.372500000000000053e+00 7.289452133145028767e-02
2.375000000000000000e+00 7.237812311177305169e-02
2.377499999999999947e+00 7.187393596282452835e-02
2.379999999999999893e+00 7.138168509990946986e-02
2.382500000000000284e+00 7.090110125563992005e-02
2.384999999999999787e+00 7.043192060027066159e-02
2.387500000000000178e+00 6.997387024691542612e-02
2.390000000000000124e+00 6.952671047403292948e-02
2.392500000000000071e+00 6.909019339030095241e-02
2.395000000000000018e+00 6.866407621727586841e-02
2.397499999999999964e+00 6.824812120867028431e-02
2.400000000000000355e+00 6.784208829234374127e-02
2.402499999999999858e+00 6.744574760347631093e-02
2.405000000000000249e+00 6.705888463794650034e-02
2.407499999999999751e+00 6.668128106588876169e-02
2.410000000000000142e+00 6.631272318494396689e-02
2.412500000000000089e+00 6.595300184103201901e-02
2.415000000000000036e+00 6.560189662359271201e-02
2.417499999999999982e+00 6.525922103831482968e-02
2.419999999999999929e+00 6.492478073914741132e-02
2.422500000000000320e+00 6.459838405946505269e-02
2.424999999999999822e+00 6.427984348884444032e-02
2.427500000000000213e+00 6.396896911800642460e-02
2.429999999999999716e+00 6.366557654569486580e-02
2.432500000000000107e+00 6.336950161632971812e-02
2.435000000000000053e+00 6.308057275907272277e-02
2.437500000000000000e+00 6.279862218419199338e-02
2.439999999999999947e+00 6.252348581122292581e-02
2.442499999999999893e+00 6.225498849243973204e-02
2.445000000000000284e+00 6.199298482071444877e-02
2.447499999999999787e+00 6.173732474192756420e-02
2.450000000000000178e+00 6.148785836133813243e-02
2.452500000000000124e+00 6.124443914358677910e-02
2.455000000000000071e+00 6.100691900365726866e-02
2.457500000000000018e+00 6.077514995776542306e-02
2.459999999999999964e+00 6.054900815761912747e-02
2.462500000000000355e+00 6.032835988953251516e-02
2.464999999999999858e+00 6.011307447262655146e-02
2.467500000000000249e+00 5.990302419706563380e-02
2.469999999999999751e+00 5.969807176890632588e-02
2.472500000000000142e+00 5.949810329272425813e-02
2.475000000000000089e+00 5.930300436257889690e-02
2.477500000000000036e+00 5.911265858191265543e-02
2.479999999999999982e+00 5.892695222763057183e-02
2.482499999999999929e+00 5.874577119028254191e-02
2.485000000000000320e+00 5.856899662248933602e-02
2.487499999999999822e+00 5.839653616721043883e-02
2.490000000000000213e+00 5.822828626449562395e-02
2.492499999999999716e+00 5.806414575446539744e-02
2.495000000000000107e+00 5.790401582598141139e-02
2.497500000000000053e+00 5.774779007603809966e-02
2.500000000000000000e+00 5.759537881798183767e-02
2.502499999999999947e+00 5.744669572668160973e-02
2.504999999999999893e+00 5.730165090230206898e-02
2.507499999999999840e+00 5.716015654846200861e-02
2.510000000000000231e+00 5.702212559281436000e-02
2.512500000000000178e+00 5.688746254887469544e-02
2.515000000000000124e+00 5.675609919976559725e-02
2.517500000000000071e+00 5.662795571858583038e-02
2.520000000000000018e+00 5.650295415895192908e-02
2.522499999999999964e+00 5.638101841331111946e-02
2.524999999999999911e+00 5.626206679449011899e-02
2.527499999999999858e+00 5.614602833502303075e-02
2.530000000000000249e+00 5.603283845588220846e-02
2.532500000000000195e+00 5.592242800490233173e-02
2.535000000000000142e+00 5.581472947087475628e-02
2.537500000000000089e+00 5.570967694659294256e-02
2.540000000000000036e+00 5.560719372914348091e-02
2.542499999999999982e+00 5.550722983397739924e-02
2.544999999999999929e+00 5.540972394947293184e-02
2.547499999999999876e+00 5.531461622648114335e-02
2.549999999999999822e+00 5.522184824505728395e-02
2.552500000000000213e+00 5.513135778733658371e-02
2.555000000000000160e+00 5.504308848705659341e-02
2.557500000000000107e+00 5.495699237997862807e-02
2.560000000000000053e+00 5.487301643866729361e-02
2.562500000000000000e+00 5.479110890766836217e-02
2.564999999999999947e+00 5.471121927419064085e-02
2.567499999999999893e+00 5.463328884801713081e-02
2.569999999999999840e+00 5.455727837972417643e-02
2.572500000000000231e+00 5.448314186690191019e-02
2.575000000000000178e+00 5.441083347918954788e-02
2.577500000000000124e+00 5.434030849090103199e-02
2.580000000000000071e+00 5.427151980796871694e-02
2.582500000000000018e+00 5.420442253215154021e-02
2.584999999999999964e+00 5.413898125698853037e-02
2.587499999999999911e+00 5.407515541551860538e-02
2.589999999999999858e+00 5.401290542196302696e-02
2.592500000000000249e+00 5.395219264870394771e-02
2.595000000000000195e+00 5.389297246654088658e-02
2.597500000000000142e+00 5.383521384076194599e-02
2.600000000000000089e+00 5.377888245323962646e-02
2.602500000000000036e+00 5.372394327976250106e-02
2.604999999999999982e+00 5.367036214640052288e-02
2.607499999999999929e+00 5.361810360094748651e-02
2.609999999999999876e+00 5.356713182431550868e-02
2.612499999999999822e+00 5.351742082057688726e-02
2.615000000000000213e+00 5.346893961107788973e-02
2.617500000000000160e+00 5.342165797123118315e-02
2.620000000000000107e+00 5.337554641257884896e-02
2.622500000000000053e+00 5.333057117201117636e-02
2.625000000000000000e+00 5.328670758507542821e-02
2.627499999999999947e+00 5.324393017691205626e-02
2.629999999999999893e+00 5.320221222301000502e-02
2.632499999999999840e+00 5.316152765124101259e-02
2.635000000000000231e+00 5.312184989357789794e-02
2.637500000000000178e+00 5.308315035110689611e-02
2.640000000000000124e+00 5.304541003113065478e-02
2.642500000000000071e+00 5.300860530946888138e-02
2.645000000000000018e+00 5.297271313982571117e-02
2.647499999999999964e+00 5.293771103989653587e-02
2.649999999999999911e+00 5.290357357600524585e-02
2.652499999999999858e+00 5.287028107812212496e-02
2.655000000000000249e+00 5.283781471891505627e-02
2.657500000000000195e+00 5.280615413088227128e-02
2.660000000000000142e+00 5.277527944584647912e-02
2.662500000000000089e+00 5.274517083066371931e-02
2.665000000000000036e+00 5.271580544674835805e-02
2.667499999999999982e+00 5.268716948326613442e-02
2.669999999999999929e+00 5.265924494335859352e-02
2.672499999999999876e+00 5.263201427207643557e-02
2.675000000000000266e+00 5.260546034566741108e-02
2.677500000000000213e+00 5.257956407413022504e-02
2.680000000000000160e+00 5.255430973609917511e-02
2.682500000000000107e+00 5.252968347324686593e-02
2.685000000000000053e+00 5.250566977690931253e-02
2.687500000000000000e+00 5.248225351988536347e-02
2.689999999999999947e+00 5.245941994715534046e-02
2.692499999999999893e+00 5.243715082418910767e-02
2.694999999999999840e+00 5.241543615553431040e-02
2.697500000000000231e+00 5.239426224214609185e-02
2.700000000000000178e+00 5.237361572234982415e-02
2.702500000000000124e+00 5.235348356361096966e-02
2.705000000000000071e+00 5.233385148203462123e-02
2.707500000000000018e+00 5.231470689680502856e-02
2.709999999999999964e+00 5.229603964640400227e-02
2.712499999999999911e+00 5.227783793000004287e-02
2.714999999999999858e+00 5.226009023776765489e-02
2.717500000000000249e+00 5.224278534376768091e-02
2.720000000000000195e+00 5.222590954493267629e-02
2.722500000000000142e+00 5.220945479412318624e-02
2.725000000000000089e+00 5.219341095296995553e-02
2.727500000000000036e+00 5.217776785746140039e-02
2.729999999999999982e+00 5.216251559451504788e-02
2.732499999999999929e+00 5.214764350591790526e-02
2.734999999999999876e+00 5.213314151861129370e-02
2.737500000000000266e+00 5.211900221015808299e-02
2.740000000000000213e+00 5.210521660578998349e-02
2.742500000000000160e+00 5.209177595249599169e-02
2.745000000000000107e+00 5.207867171357396380e-02
2.747500000000000053e+00 5.206589361689648726e-02
2.750000000000000000e+00 5.205343517255447972e-02
2.752499999999999947e+00 5.204128890094285309e-02
2.754999999999999893e+00 5.202944707395092822e-02
2.757499999999999840e+00 5.201790215459115019e-02
2.760000000000000231e+00 5.200664621013068034e-02
2.762500000000000178e+00 5.199567117487046558e-02
2.765000000000000124e+00 5.198497164836978629e-02
2.767500000000000071e+00 5.197454080786628738e-02
2.770000000000000018e+00 5.196437199944502205e-02
2.772499999999999964e+00 5.195445873387487257e-02
2.774999999999999911e+00 5.194479332805770205e-02
2.777499999999999858e+00 5.193537054391417218e-02
2.780000000000000249e+00 5.192618488041175068e-02
2.782500000000000195e+00 5.191723046357861471e-02
2.785000000000000142e+00 5.190850156490969119e-02
2.787500000000000089e+00 5.189999229427492977e-02
2.790000000000000036e+00 5.189169619492375873e-02
2.792499999999999982e+00 5.188360935390411849e-02
2.794999999999999929e+00 5.187572658602708497e-02
2.797499999999999876e+00 5.186804283458264914e-02
2.800000000000000266e+00 5.186055316816321620e-02
2.802500000000000213e+00 5.185325185191404923e-02
2.805000000000000160e+00 5.184613465767286961e-02
2.807500000000000107e+00 5.183919755228637988e-02
2.810000000000000053e+00 5.183243607224924387e-02
2.812500000000000000e+00 5.182584586471238736e-02
2.814999999999999947e+00 5.181942256632762756e-02
2.817499999999999893e+00 5.181316101067319491e-02
2.819999999999999840e+00 5.180705837538565617e-02
2.822500000000000231e+00 5.180111072072510203e-02
2.825000000000000178e+00 5.179531420466581410e-02
2.827500000000000124e+00 5.178966508047567335e-02
2.830000000000000071e+00 5.178415907582166466e-02
2.832500000000000018e+00 5.177879277890503479e-02
2.834999999999999964e+00 5.177356324244471175e-02
2.837499999999999911e+00 5.176846707540141979e-02
2.839999999999999858e+00 5.176350097087673019e-02
2.842500000000000249e+00 5.175866170402684818e-02
2.845000000000000195e+00 5.175394514327251450e-02
2.847500000000000142e+00 5.174934926311230282e-02
2.850000000000000089e+00 5.174487107064107416e-02
2.852500000000000036e+00 5.174050764724248685e-02
2.854999999999999982e+00 5.173625614674562390e-02
2.857499999999999929e+00 5.173211339237639844e-02
2.859999999999999876e+00 5.172807663281028118e-02
2.862500000000000266e+00 5.172414372180503955e-02
2.865000000000000213e+00 5.172031208349882336e-02
2.867500000000000160e+00 5.171657920598819042e-02
2.870000000000000107e+00 5.171294263973997413e-02
2.872500000000000053e+00 5.170939929819636655e-02
2.875000000000000000e+00 5.170594752069272021e-02
2.877499999999999947e+00 5.170258510569390037e-02
2.879999999999999893e+00 5.169930983635209060e-02
2.882499999999999840e+00 5.169611955087981964e-02
2.885000000000000231e+00 5.169301189158274218e-02
2.887500000000000178e+00 5.168998464154622025e-02
2.890000000000000124e+00 5.168703624379519107e-02
2.892500000000000071e+00 5.168416474191483284e-02
2.895000000000000018e+00 5.168136822809583225e-02
2.897499999999999964e+00 5.167864484192571939e-02
2.899999999999999911e+00 5.167599228111201953e-02
2.902499999999999858e+00 5.167340918637314262e-02
2.905000000000000249e+00 5.167089394273256114e-02
2.907500000000000195e+00 5.166844486654621760e-02
2.910000000000000142e+00 5.166606031600844834e-02
2.912500000000000089e+00 5.166373854468474247e-02
2.915000000000000036e+00 5.166147776789974805e-02
2.917499999999999982e+00 5.165927686090972942e-02
2.919999999999999929e+00 5.165713433791704196e-02
2.922499999999999876e+00 5.165504875005456908e-02
2.925000000000000266e+00 5.165301868446704053e-02
2.927500000000000213e+00 5.165104242650876698e-02
2.930000000000000160e+00 5.164911886559700460e-02
2.932500000000000107e+00 5.164724682051556603e-02
2.935000000000000053e+00 5.164542501267728458e-02
2.937500000000000000e+00 5.164365219528129630e-02
2.939999999999999947e+00 5.164192707726024401e-02
2.942499999999999893e+00 5.164024822329532638e-02
2.944999999999999840e+00 5.163861482472144326e-02
2.947500000000000231e+00 5.163702575323005778e-02
2.950000000000000178e+00 5.163547990856887093e-02
2.952500000000000124e+00 5.163397621784283215e-02
2.955000000000000071e+00 5.163251340607104972e-02
2.957500000000000018e+00 5.163109056755556953e-02
2.959999999999999964e+00 5.162970684109743219e-02
2.962499999999999911e+00 5.162836125577564828e-02
2.964999999999999858e+00 5.162705286481555911e-02
2.967500000000000249e+00 5.162578071579286554e-02
2.970000000000000195e+00 5.162454365550242508e-02
2.972500000000000142e+00 5.162334110566027534e-02
2.975000000000000089e+00 5.162217220948045471e-02
2.977500000000000036e+00 5.162103613148883580e-02
2.979999999999999982e+00 5.161993205699200865e-02
2.982499999999999929e+00 5.161885903948024851e-02
2.984999999999999876e+00 5.161781634171313388e-02
2.987500000000000266e+00 5.161680333801656889e-02
2.990000000000000213e+00 5.161581929113712858e-02
2.992500000000000160e+00 5.161486348216230702e-02
2.995000000000000107e+00 5.161393521006320956e-02
2.997500000000000053e+00 5.161303354921917275e-02
3.000000000000000000e+00 5.161215808866193022e-02
